
0, 0, 0.735766
0, 1, 0.704543
0, 2, 0.936536
0, 3, 0.0799581
0, 4, -1
0, 5, -1
0, 6, 0.758122
0, 7, -1
0, 8, 0.793812
0, 9, -1
0, 10, -1
0, 11, -1
0, 12, 0.584158
0, 13, -1
0, 14, 0.936564
0, 15, -1
0, 16, 0.271828
0, 17, 0.343215
0, 18, 0.999021
0, 19, 0.651046
0, 20, -1
0, 21, -0.214535
0, 22, -1
0, 23, 0.646592
0, 24, 0.352147
0, 25, 0.026433
0, 26, 0.726937
0, 27, 0.771548
0, 28, 0.0889047
0, 29, -1
0, 30, -1
0, 31, -1
0, 32, 0.459275
0, 33, -1
0, 34, 0.173688
0, 35, 0.851861
0, 36, -1
0, 37, -1
0, 38, 0.905397
0, 39, 0.96785
0, 40, -1
0, 41, 0.972316
0, 42, 0.713585
0, 43, 0.521752
0, 44, 0.526215
0, 45, 0.138003
0, 46, -1
0, 47, -1
0, 48, 0.499452
0, 49, 0.129083
0, 50, 0.548532
0, 51, 0.320949
0, 52, -0.308235
0, 53, 0.258526
0, 54, -1
0, 55, -1
0, 56, -1
0, 57, 0.909903
0, 58, 0.909905
0, 59, 0.222797
0, 60, -1
0, 61, -1
0, 62, -1
0, 63, 0.579784
0, 64, 0.512862
0, 65, -1
0, 66, -1
0, 67, -1
0, 68, -1
0, 69, -1
0, 70, 0.10237
0, 71, -1
0, 72, 0.432563
0, 73, -1
0, 74, -1
0, 75, 0.169268
0, 76, 0.138034
0, 77, 0.789497
0, 78, 0.486073
0, 79, 0.999177
0, 80, -1
0, 81, 0.825196
0, 82, -1
0, 83, 0.312066
0, 84, 0.557511
0, 85, -1
0, 86, -0.276979
0, 87, -1
0, 88, -0.00471191
0, 89, -1
0, 90, -1
0, 91, 0.379047
0, 92, -1
0, 93, 0.615528
0, 94, -1
0, 95, 0.615492
0, 96, 0.602148
0, 97, -1
0, 98, -1
0, 99, -1
0, 100, -1
0, 101, 0.758316
0, 102, -1
0, 103, -1
0, 104, 0.379064
0, 105, -1
0, 106, -1
0, 107, -1
0, 108, -0.120727
0, 109, -1
0, 110, -1
0, 111, -0.0493206
0, 112, -1
0, 113, -1
0, 114, -1
0, 115, -1
0, 116, -1
0, 117, 0.0532852
0, 118, 0.512907
0, 119, 0.852048
0, 120, -1
0, 121, 0.633425
0, 122, -0.178776
0, 123, -1
0, 124, 0.0265152
0, 125, 0.450448
0, 126, 0.0711437
0, 127, -1
0, 128, -1
0, 129, -1
0, 130, -1
0, 131, -1
0, 132, -1
0, 133, -1
0, 134, -1
0, 135, -1
0, 136, -1
0, 137, -1
0, 138, 0.727118
0, 139, 0.99933
0, 140, 0.803015
0, 141, 0.54864
0, 142, -0.285878
0, 143, -1
0, 144, 0.74944
0, 145, -1
0, 146, -1
0, 147, 0.0712027
0, 148, -1
0, 149, 0.454986
0, 150, -1
0, 151, -0.0135879
0, 152, 0.115835
0, 153, 0.32558
0, 154, -0.160905
0, 155, 0.276494
0, 156, -1
0, 157, 0.521933
0, 158, -1
0, 159, 0.936915
0, 160, -1
0, 161, -1
0, 162, 0.999389
0, 163, -1
0, 164, -1
0, 165, 0.553183
0, 166, -1
0, 167, -1
0, 168, 0.69152
0, 169, 0.553189
0, 170, 0.472867
0, 171, 0.227383
0, 172, -1
0, 173, 0.0667629
0, 174, 0.254203
0, 175, 0.26309
0, 176, -1
0, 177, -1
0, 178, -1
0, 179, 0.771822
0, 180, 0.347887
0, 181, 0.321112
0, 182, -1
0, 183, 0.999443
0, 184, 0.96821
0, 185, -1
0, 186, 0.432727
0, 187, -1
0, 188, -1
0, 189, 0.499671
0, 190, 0.356866
0, 191, -1
0, 192, 0.29439
0, 193, -1
0, 194, -1
0, 195, 0.280964
0, 196, -1
0, 197, 0.142615
0, 198, 0.968245
0, 199, 0.901313
0, 200, -0.134097
0, 201, -0.0894637
0, 202, 0.356842
0, 203, -1
0, 204, -1
0, 205, -1
0, 206, 0.535399
0, 207, 0.397054
0, 208, -1
0, 209, 0.535404
0, 210, 0.620157
0, 211, 0.379168
0, 212, 0.160523
0, 213, -1
0, 214, -0.0537484
0, 215, 0.374751
0, 216, 0.414878
0, 217, -1
0, 218, 0.669261
0, 219, -0.259061
0, 220, 0.941525
0, 221, -1
0, 222, -1
0, 223, -0.151936
0, 224, 0.646999
0, 225, 0.231906
0, 226, -1
0, 227, 0.722872
0, 228, 0.468491
0, 229, 0.182856
0, 230, -1
0, 231, -1
0, 232, 0.0177186
0, 233, 0.316755
0, 234, -1
0, 235, -0.151928
0, 236, 0.0623149
0, 237, 0.834461
0, 238, -0.281369
0, 239, 0.544338
0, 240, -1
0, 241, 0.25424
0, 242, 0.999593
0, 243, 0.758606
0, 244, 0.517608
0, 245, 0.682741
0, 246, -0.174239
0, 247, -1
0, 248, -1
0, 249, 0.182837
0, 250, -1
0, 251, -0.0671118
0, 252, 0.258756
0, 253, 0.450676
0, 254, -1
0, 255, -1
0, 256, 0.937149
0, 257, -1
0, 258, 0.852359
0, 259, 0.905916
0, 260, 0.383697
0, 261, -1
0, 262, 0.816624
0, 263, 0.999647
0, 264, 0.852372
0, 265, 0.58459
0, 266, -1
0, 267, -1
0, 268, -1
0, 269, -1
0, 270, -1
0, 271, -1
0, 272, 0.0266382
0, 273, -1
0, 274, 0.138268
0, 275, -1
0, 276, 0.660483
0, 277, -1
0, 278, -1
0, 279, 0.892574
0, 280, 0.553332
0, 281, 0.267676
0, 282, -1
0, 283, -1
0, 284, 0.923828
0, 285, -1
0, 286, -1
0, 287, 0.56231
0, 288, 0.365922
0, 289, -0.0670847
0, 290, -1
0, 291, 0.156139
0, 292, 0.348073
0, 293, 0.477515
0, 294, 0.874756
0, 295, -1
0, 296, -1
0, 297, -1
0, 298, 0.647134
0, 299, -1
0, 300, -1
0, 301, -1
0, 302, -0.0670754
0, 303, 0.598004
0, 304, 0.821218
0, 305, -1
0, 306, 0.526593
0, 307, 0.240925
0, 308, 0.133838
0, 309, -0.0179284
0, 310, -1
0, 311, -1
0, 312, 0.615914
0, 313, -1
0, 314, -1
0, 315, 0.209688
0, 316, -1
0, 317, 0.0579222
0, 318, 0.798931
0, 319, -0.0625994
0, 320, -1
0, 321, -1
0, 322, -1
0, 323, 0.892636
0, 324, 0.459707
0, 325, -1
0, 326, -1
0, 327, 0.307944
0, 328, -0.00452205
0, 329, -1
0, 330, -1
0, 331, 0.602557
0, 332, 0.424009
0, 333, -1
0, 334, -1
0, 335, 0.727508
0, 336, -1
0, 337, 0.968591
0, 338, -1
0, 339, 0.906104
0, 340, -0.245608
0, 341, -1
0, 342, 0.999849
0, 343, 0.946287
0, 344, -1
0, 345, -1
0, 346, -1
0, 347, 0.477597
0, 348, -1
0, 349, 0.138342
0, 350, 0.205302
0, 351, -0.312563
0, 352, -1
0, 353, -1
0, 354, 0.540062
0, 355, -0.0670375
0, 356, 0.834723
0, 357, 0.495427
0, 358, -1
0, 359, -0.178636
0, 360, 0.999895
0, 361, 0.968651
0, 362, -1
0, 363, -1
0, 364, -1
0, 365, -1
0, 366, 0.464234
0, 367, -1
0, 368, 0.0446147
0, 369, 0.370493
0, 370, 0.535664
0, 371, -1
0, 372, 0.388313
0, 373, 0.334745
0, 374, 0.812442
0, 375, -1
0, 376, 0.678484
0, 377, 0.25886
0, 378, -1
0, 379, 0.999944
0, 380, 0.343683
0, 381, 0.767816
0, 382, 0.924062
0, 383, -1
0, 384, 0.90621
0, 385, 0.151729
0, 386, -1
0, 387, -1
0, 388, 0.196415
0, 389, -0.31701
0, 390, 0.455341
0, 391, 0.584764
0, 392, -1
0, 393, -0.0937958
0, 394, 0.999982
0, 395, -1
0, 396, 0.526737
0, 397, 0.196384
0, 398, -1
0, 399, -1
1, 0, -1
1, 1, 0.195962
1, 2, 0.914231
1, 3, 0.178117
1, 4, -1
1, 5, 0.285198
1, 6, 0.967765
1, 7, -1
1, 8, -1
1, 9, 0.726901
1, 10, 0.557387
1, 11, -1
1, 12, 0.316438
1, 13, 0.316439
1, 14, -1
1, 15, -1
1, 16, 0.579702
1, 17, 0.570741
1, 18, 0.0665847
1, 19, 0.90535
1, 20, 0.9678
1, 21, 0.967803
1, 22, -1
1, 23, 0.967808
1, 24, -1
1, 25, 0.891942
1, 26, -1
1, 27, 0.450303
1, 28, -1
1, 29, 0.526189
1, 30, 0.784894
1, 31, 0.637723
1, 32, 0.396812
1, 33, 0.169224
1, 34, 0.289695
1, 35, 0.267387
1, 36, 0.490469
1, 37, -1
1, 38, 0.784952
1, 39, -0.308241
1, 40, 0.999075
1, 41, 0.784958
1, 42, 0.236163
1, 43, -1
1, 44, -1
1, 45, 0.289708
1, 46, -1
1, 47, 0.557448
1, 48, 0.432527
1, 49, -1
1, 50, 0.129083
1, 51, 0.459301
1, 52, -1
1, 53, -1
1, 54, -1
1, 55, -1
1, 56, 0.307609
1, 57, -1
1, 58, 0.173712
1, 59, 0.950054
1, 60, 0.463736
1, 61, 0.758233
1, 62, 0.718043
1, 63, -0.12526
1, 64, 0.642244
1, 65, 0.548555
1, 66, -1
1, 67, -1
1, 68, 0.428094
1, 69, -0.0850523
1, 70, -0.308227
1, 71, -1
1, 72, -1
1, 73, -0.0225744
1, 74, -1
1, 75, -1
1, 76, -1
1, 77, -1
1, 78, -1
1, 79, 0.860879
1, 80, -1
1, 81, 0.588695
1, 82, -1
1, 83, 0.905501
1, 84, 0.593203
1, 85, 0.50397
1, 86, 0.124696
1, 87, -0.218922
1, 88, -0.044916
1, 89, -0.0225621
1, 90, -1
1, 91, -1
1, 92, -1
1, 93, 0.097888
1, 94, 0.401319
1, 95, -1
1, 96, -0.134164
1, 97, 0.0131044
1, 98, -1
1, 99, 0.762772
1, 100, -1
1, 101, 0.722581
1, 102, -1
1, 103, -0.0582929
1, 104, -1
1, 105, -1
1, 106, 0.0934779
1, 107, -1
1, 108, 0.410303
1, 109, 0.196077
1, 110, -1
1, 111, 0.45939
1, 112, -1
1, 113, -1
1, 114, 0.405809
1, 115, 0.816344
1, 116, -1
1, 117, 0.490634
1, 118, 0.829736
1, 119, -1
1, 120, 0.847587
1, 121, -1
1, 122, -1
1, 123, 0.700356
1, 124, -1
1, 125, 0.33889
1, 126, 0.566503
1, 127, -1
1, 128, -1
1, 129, 0.691443
1, 130, 0.517386
1, 131, 0.941306
1, 132, -1
1, 133, -1
1, 134, -1
1, 135, 0.972548
1, 136, -1
1, 137, 0.901166
1, 138, 0.454928
1, 139, 0.994866
1, 140, 0.120245
1, 141, -1
1, 142, 0.526329
1, 143, 0.19165
1, 144, 0.499559
1, 145, -1
1, 146, 0.164877
1, 147, -1
1, 148, -1
1, 149, 0.878884
1, 150, 0.941353
1, 151, 0.90566
1, 152, 0.97259
1, 153, 0.999363
1, 154, -1
1, 155, -1
1, 156, -1
1, 157, 0.923522
1, 158, -0.000234737
1, 159, 0.892293
1, 160, 0.950301
1, 161, 0.660229
1, 162, 0.767363
1, 163, -1
1, 164, 0.316627
1, 165, 0.968161
1, 166, -1
1, 167, -1
1, 168, 0.910162
1, 169, 0.63347
1, 170, -1
1, 171, -1
1, 172, 0.807543
1, 173, 0.312176
1, 174, 0.745076
1, 175, -1
1, 176, 0.370194
1, 177, 0.803092
1, 178, 0.303257
1, 179, -1
1, 180, 0.820907
1, 181, -1
1, 182, 0.64688
1, 183, -1
1, 184, 0.936973
1, 185, 0.96821
1, 186, 0.968213
1, 187, 0.99945
1, 188, 0.120291
1, 189, -1
1, 190, -0.138567
1, 191, -1
1, 192, 0.874521
1, 193, -1
1, 194, 0.691567
1, 195, -1
1, 196, -1
1, 197, 0.508607
1, 198, 0.156004
1, 199, 0.807601
1, 200, -1
1, 201, 0.352376
1, 202, 0.718317
1, 203, 0.062285
1, 204, 0.517544
1, 205, -1
1, 206, 0.999499
1, 207, -1
1, 208, 0.901332
1, 209, 0.865635
1, 210, 0.00426989
1, 211, -1
1, 212, -1
1, 213, 0.205154
1, 214, -0.134089
1, 215, -1
1, 216, -1
1, 217, -1
1, 218, 0.696076
1, 219, 0.42827
1, 220, -1
1, 221, -1
1, 222, -0.160864
1, 223, 0.178386
1, 224, -1
1, 225, -1
1, 226, 0.99955
1, 227, 0.414892
1, 228, 0.914766
1, 229, -1
1, 230, 0.937084
1, 231, -0.0849803
1, 232, 0.758582
1, 233, -1
1, 234, -1
1, 235, 0.281011
1, 236, -1
1, 237, -1
1, 238, 0.0533891
1, 239, -1
1, 240, -0.285832
1, 241, 0.745211
1, 242, -1
1, 243, 0.11592
1, 244, -1
1, 245, -1
1, 246, 0.901421
1, 247, -0.0626519
1, 248, -1
1, 249, -1
1, 250, -1
1, 251, 0.709488
1, 252, -1
1, 253, -1
1, 254, -1
1, 255, 0.0266232
1, 256, -1
1, 257, -1
1, 258, 0.472997
1, 259, 0.780911
1, 260, -1
1, 261, -1
1, 262, -1
1, 263, 0.298938
1, 264, -1
1, 265, -1
1, 266, -1
1, 267, -1
1, 268, 0.691709
1, 269, 0.374781
1, 270, -1
1, 271, -1
1, 272, -1
1, 273, -1
1, 274, 0.160544
1, 275, 0.10252
1, 276, 0.29445
1, 277, -1
1, 278, -1
1, 279, -1
1, 280, -1
1, 281, 0.825629
1, 282, 0.303384
1, 283, 0.106991
1, 284, 0.0891779
1, 285, -1
1, 286, 0.0489671
1, 287, -1
1, 288, -1
1, 289, -1
1, 290, 0.749773
1, 291, 0.446226
1, 292, -1
1, 293, 0.285543
1, 294, 0.455198
1, 295, -1
1, 296, -1
1, 297, -1
1, 298, 0.370357
1, 299, -1
1, 300, -0.254556
1, 301, 0.468558
1, 302, 0.999744
1, 303, 0.798897
1, 304, 0.834606
1, 305, -1
1, 306, -1
1, 307, -1
1, 308, -1
1, 309, -1
1, 310, 0.807839
1, 311, 0.410587
1, 312, 0.598059
1, 313, -1
1, 314, -1
1, 315, -1
1, 316, -0.285796
1, 317, 0.459695
1, 318, -1
1, 319, 0.999788
1, 320, 0.910521
1, 321, -0.142948
1, 322, 0.0623895
1, 323, 0.87482
1, 324, 0.91053
1, 325, -1
1, 326, -1
1, 327, 0.999808
1, 328, 0.825732
1, 329, -1
1, 330, 0.566844
1, 331, -1
1, 332, -0.245572
1, 333, -1
1, 334, 0.35259
1, 335, 0.0802564
1, 336, -1
1, 337, 0.758796
1, 338, 0.423976
1, 339, -0.142937
1, 340, 0.214178
1, 341, -1
1, 342, -0.263463
1, 343, 0.714171
1, 344, 0.357026
1, 345, -1
1, 346, -1
1, 347, 0.897193
1, 348, 0.455278
1, 349, -1
1, 350, -1
1, 351, -1
1, 352, -1
1, 353, 0.423997
1, 354, 0.647194
1, 355, -1
1, 356, 0.803433
1, 357, 0.473106
1, 358, 0.754335
1, 359, 0.240983
1, 360, -1
1, 361, 0.129384
1, 362, 0.232058
1, 363, 0.602611
1, 364, 0.629396
1, 365, -1
1, 366, -1
1, 367, 0.99991
1, 368, 0.772211
1, 369, -1
1, 370, -1
1, 371, -1
1, 372, 0.857076
1, 373, -1
1, 374, 0.986536
1, 375, -1
1, 376, 0.638306
1, 377, 0.950832
1, 378, 0.450817
1, 379, -1
1, 380, 0.674026
1, 381, 0.999946
1, 382, 0.781208
1, 383, -1
1, 384, 0.330294
1, 385, -1
1, 386, 0.334801
1, 387, -1
1, 388, 0.964251
1, 389, -1
1, 390, -1
1, 391, 0.34816
1, 392, 0.999974
1, 393, 0.540124
1, 394, -1
1, 395, 0.709808
1, 396, 0.307988
1, 397, -1
1, 398, 0.906241
1, 399, -1
2, 0, 0.182575
2, 1, -1
2, 2, 0.998975
2, 3, 0.923152
2, 4, -1
2, 5, 0.191503
2, 6, 0.93654
2, 7, -1
2, 8, -1
2, 9, -1
2, 10, -1
2, 11, 0.753668
2, 12, -1
2, 13, 0.44586
2, 14, 0.722448
2, 15, -0.10298
2, 16, -1
2, 17, -1
2, 18, -0.111902
2, 19, 0.209365
2, 20, -0.263624
2, 21, -0.254699
2, 22, 0.999026
2, 23, 0.691199
2, 24, 0.869674
2, 25, 0.762618
2, 26, 0.102287
2, 27, -1
2, 28, 0.704632
2, 29, -1
2, 30, -1
2, 31, -1
2, 32, -1
2, 33, -0.174326
2, 34, -1
2, 35, 0.312044
2, 36, -1
2, 37, 0.914312
2, 38, -1
2, 39, 0.0442917
2, 40, -1
2, 41, -1
2, 42, -1
2, 43, 0.985698
2, 44, -1
2, 45, 0.825073
2, 46, -1
2, 47, -1
2, 48, -1
2, 49, -1
2, 50, -1
2, 51, -1
2, 52, -1
2, 53, -1
2, 54, -1
2, 55, -1
2, 56, 0.744837
2, 57, -1
2, 58, 0.856369
2, 59, 0.338804
2, 60, -1
2, 61, 0.905447
2, 62, 0.90991
2, 63, -1
2, 64, 0.999133
2, 65, 0.945605
2, 66, 0.981295
2, 67, 0.950071
2, 68, -1
2, 69, 0.771631
2, 70, -1
2, 71, 0.90547
2, 72, 0.967927
2, 73, 0.967929
2, 74, 0.967932
2, 75, 0.838562
2, 76, -1
2, 77, 0.941173
2, 78, 0.999169
2, 79, 0.459301
2, 80, 0.950102
2, 81, 0.999177
2, 82, 0.923341
2, 83, 0.865347
2, 84, -1
2, 85, 0.999187
2, 86, 0.99919
2, 87, 0.923352
2, 88, 0.936738
2, 89, 0.936741
2, 90, -1
2, 91, 0.936746
2, 92, -1
2, 93, -1
2, 94, 0.967982
2, 95, 0.85199
2, 96, 0.999215
2, 97, 0.874261
2, 98, -1
2, 99, 0.60215
2, 100, 0.967997
2, 101, 0.941231
2, 102, 0.646773
2, 103, 0.936775
2, 104, 0.999236
2, 105, -1
2, 106, -1
2, 107, 0.936784
2, 108, 0.999246
2, 109, 0.968019
2, 110, 0.887716
2, 111, 0.874334
2, 112, 0.905566
2, 113, 0.905569
2, 114, 0.673525
2, 115, 0.508437
2, 116, -1
2, 117, -1
2, 118, -1
2, 119, 0.722655
2, 120, 0.405816
2, 121, 0.731582
2, 122, 0.660195
2, 123, -1
2, 124, 0.976979
2, 125, -1
2, 126, 0.860983
2, 127, 0.115809
2, 128, 0.490649
2, 129, -1
2, 130, -1
2, 131, -1
2, 132, 0.89669
2, 133, 0.905616
2, 134, 0.459382
2, 135, -1
2, 136, 0.709262
2, 137, 0.0622263
2, 138, -1
2, 139, -1
2, 140, -1
2, 141, -1
2, 142, 0.628998
2, 143, 0.825326
2, 144, 0.575415
2, 145, -1
2, 146, -1
2, 147, -1
2, 148, -1
2, 149, 0.405897
2, 150, 0.138104
2, 151, 0.905618
2, 152, 0.914584
2, 153, -1
2, 154, 0.579935
2, 155, -1
2, 156, -1
2, 157, 0.0890207
2, 158, 0.289843
2, 159, -1
2, 160, -1
2, 161, 0.704849
2, 162, -1
2, 163, -1
2, 164, -1
2, 165, 0.629039
2, 166, -1
2, 167, -1
2, 168, -1
2, 169, -1
2, 170, -1
2, 171, -1
2, 172, -1
2, 173, -1
2, 174, 0.405931
2, 175, -0.111758
2, 176, -0.250157
2, 177, -1
2, 178, -1
2, 179, 0.0265593
2, 180, -1
2, 181, 0.214003
2, 182, -1
2, 183, -1
2, 184, 0.566558
2, 185, -1
2, 186, -1
2, 187, -1
2, 188, -1
2, 189, -1
2, 190, -1
2, 191, -1
2, 192, -1
2, 193, -1
2, 194, 0.289927
2, 195, -0.120712
2, 196, -0.0135543
2, 197, 0.428277
2, 198, 0.19621
2, 199, 0.486255
2, 200, -1
2, 201, -0.0805386
2, 202, 0.704928
2, 203, 0.0221564
2, 204, -1
2, 205, -1
2, 206, -1
2, 207, -1
2, 208, -1
2, 209, -1
2, 210, -1
2, 211, -1
2, 212, 0.905801
2, 213, -1
2, 214, -1
2, 215, 0.937045
2, 216, 0.272061
2, 217, 0.513059
2, 218, 0.227433
2, 219, -1
2, 220, -1
2, 221, -1
2, 222, -1
2, 223, -1
2, 224, -1
2, 225, -1
2, 226, -1
2, 227, -1
2, 228, -1
2, 229, -1
2, 230, 0.999558
2, 231, 0.771966
2, 232, 0.905848
2, 233, -1
2, 234, 0.946017
2, 235, 0.99957
2, 236, -1
2, 237, -1
2, 238, 0.745203
2, 239, -1
2, 240, 0.713967
2, 241, -0.116218
2, 242, -1
2, 243, -0.245618
2, 244, -1
2, 245, -1
2, 246, -0.000125102
2, 247, -1
2, 248, -1
2, 249, -1
2, 250, -1
2, 251, 0.905893
2, 252, 0.905895
2, 253, 0.888046
2, 254, -1
2, 255, 0.798793
2, 256, 0.972847
2, 257, 0.937147
2, 258, -1
2, 259, 0.334597
2, 260, 0.834507
2, 261, -1
2, 262, -1
2, 263, -1
2, 264, -1
2, 265, -1
2, 266, -0.0268903
2, 267, 0.785429
2, 268, -1
2, 269, -1
2, 270, 0.905937
2, 271, 0.90594
2, 272, 0.93272
2, 273, 0.999668
2, 274, 0.99967
2, 275, -1
2, 276, 0.803301
2, 277, -1
2, 278, 0.767559
2, 279, 0.165012
2, 280, 0.879182
2, 281, 0.941668
2, 282, -1
2, 283, 0.553374
2, 284, -1
2, 285, -1
2, 286, 0.580118
2, 287, 0.598014
2, 288, 0.43283
2, 289, 0.968466
2, 290, -1
2, 291, -1
2, 292, -1
2, 293, -1
2, 294, -1
2, 295, -1
2, 296, -0.0581133
2, 297, 0.173957
2, 298, 0.455162
2, 299, -1
2, 300, 0.544434
2, 301, -1
2, 302, 0.0445163
2, 303, 0.821212
2, 304, 0.441821
2, 305, 0.633752
2, 306, -1
2, 307, -1
2, 308, -1
2, 309, -1
2, 310, 0.897105
2, 311, -1
2, 312, -1
2, 313, 0.937282
2, 314, 0.035599
2, 315, -1
2, 316, -1
2, 317, -1
2, 318, -0.174198
2, 319, 0.156125
2, 320, 0.540003
2, 321, -0.165268
2, 322, -0.000104876
2, 323, 0.240941
2, 324, -1
2, 325, -0.187585
2, 326, -1
2, 327, -1
2, 328, 0.977491
2, 329, -1
2, 330, 0.879297
2, 331, 0.888226
2, 332, -1
2, 333, -1
2, 334, -1
2, 335, -0.223291
2, 336, -1
2, 337, 0.254388
2, 338, 0.432942
2, 339, -1
2, 340, -1
2, 341, -0.16972
2, 342, -1
2, 343, -0.294711
2, 344, -1
2, 345, -0.0938299
2, 346, 0.999854
2, 347, -1
2, 348, 0.61147
2, 349, 0.839167
2, 350, -1
2, 351, 0.883809
2, 352, -1
2, 353, 0.464211
2, 354, -1
2, 355, -1
2, 356, -1
2, 357, 0.307979
2, 358, -1
2, 359, 0.607066
2, 360, 0.16063
2, 361, 0.816874
2, 362, -1
2, 363, -1
2, 364, 0.803488
2, 365, -1
2, 366, 0.830276
2, 367, -1
2, 368, 0.66065
2, 369, -1
2, 370, -1
2, 371, 0.946351
2, 372, 0.937425
2, 373, 0.557986
2, 374, -1
2, 375, -1
2, 376, -1
2, 377, 0.602633
2, 378, 0.642812
2, 379, 0.75888
2, 380, 0.999941
2, 381, 0.870486
2, 382, 0.432965
2, 383, 0.84817
2, 384, -1
2, 385, 0.450826
2, 386, -1
2, 387, -1
2, 388, 0.888358
2, 389, 0.906217
2, 390, 0.968718
2, 391, -1
2, 392, -1
2, 393, 0.437486
2, 394, -0.321473
2, 395, -1
2, 396, -0.196433
2, 397, -1
2, 398, -1
2, 399, 0.214241
3, 0, -1
3, 1, 0.99897
3, 2, -1
3, 3, 0.789335
3, 4, 0.637671
3, 5, -1
3, 6, -0.0985243
3, 7, 0.115694
3, 8, -1
3, 9, -1
3, 10, -1
3, 11, -1
3, 12, -1
3, 13, -1
3, 14, -1
3, 15, 0.967783
3, 16, 0.999008
3, 17, -1
3, 18, 0.999013
3, 19, 0.749181
3, 20, 0.972256
3, 21, 0.999021
3, 22, 0.35214
3, 23, -1
3, 24, -1
3, 25, 0.450337
3, 26, -1
3, 27, -1
3, 28, 0.44584
3, 29, 0.664482
3, 30, -1
3, 31, -1
3, 32, 0.0710574
3, 33, -1
3, 34, -1
3, 35, -1
3, 36, -1
3, 37, 0.999062
3, 38, 0.999064
3, 39, -1
3, 40, 0.905395
3, 41, -0.156512
3, 42, 0.793878
3, 43, 0.0398321
3, 44, -1
3, 45, 0.722507
3, 46, 0.267438
3, 47, 0.535097
3, 48, -1
3, 49, -1
3, 50, -1
3, 51, -1
3, 52, -1
3, 53, -1
3, 54, -0.245757
3, 55, 0.289758
3, 56, 0.704684
3, 57, 0.999113
3, 58, -1
3, 59, 0.999118
3, 60, -1
3, 61, 0.23172
3, 62, 0.865297
3, 63, 0.767115
3, 64, 0.7805
3, 65, -1
3, 66, 0.660049
3, 67, -1
3, 68, -1
3, 69, -1
3, 70, -1
3, 71, -1
3, 72, -1
3, 73, -1
3, 74, 0.280817
3, 75, 0.744873
3, 76, -0.129675
3, 77, -1
3, 78, -1
3, 79, 0.999169
3, 80, 0.999172
3, 81, 0.999174
3, 82, -1
3, 83, -1
3, 84, 0.445921
3, 85, -1
3, 86, -1
3, 87, -1
3, 88, -1
3, 89, -1
3, 90, -1
3, 91, -1
3, 92, -1
3, 93, -1
3, 94, -1
3, 95, -1
3, 96, 0.267497
3, 97, 0.905529
3, 98, 0.950144
3, 99, -1
3, 100, 0.967994
3, 101, 0.62442
3, 102, -1
3, 103, -1
3, 104, 0.700315
3, 105, 0.727047
3, 106, 0.678011
3, 107, -1
3, 108, -1
3, 109, -1
3, 110, -1
3, 111, -1
3, 112, -1
3, 113, 0.419231
3, 114, -1
3, 115, -1
3, 116, -1
3, 117, 0.905576
3, 118, 0.914461
3, 119, 0.999271
3, 120, -1
3, 121, 0.896662
3, 122, -1
3, 123, 0.0310149
3, 124, 0.619999
3, 125, -1
3, 126, -1
3, 127, 0.93683
3, 128, 0.999294
3, 129, -1
3, 130, -1
3, 131, -1
3, 132, -1
3, 133, 0.65129
3, 134, 0.548664
3, 135, 0.869924
3, 136, 0.209531
3, 137, 0.388029
3, 138, -1
3, 139, -1
3, 140, -1
3, 141, -1
3, 142, -1
3, 143, -1
3, 144, -1
3, 145, 0.878871
3, 146, -1
3, 147, -1
3, 148, 0.999345
3, 149, -1
3, 150, -1
3, 151, -1
3, 152, -1
3, 153, 0.535309
3, 154, 0.76288
3, 155, -1
3, 156, -1
3, 157, -0.0537922
3, 158, 0.553166
3, 159, -1
3, 160, -1
3, 161, -1
3, 162, -1
3, 163, -1
3, 164, 0.276461
3, 165, 0.936922
3, 166, -1
3, 167, 0.999394
3, 168, 0.999397
3, 169, -1
3, 170, -1
3, 171, 0.289898
3, 172, -1
3, 173, 0.727221
3, 174, 0.812005
3, 175, 0.704914
3, 176, -1
3, 177, -1
3, 178, 0.713845
3, 179, -1
3, 180, 0.852178
3, 181, 0.736122
3, 182, 0.999432
3, 183, 0.405902
3, 184, 0.820951
3, 185, -1
3, 186, 0.999443
3, 187, -1
3, 188, 0.999448
3, 189, -1
3, 190, -1
3, 191, -1
3, 192, 0.936987
3, 193, -1
3, 194, -1
3, 195, -1
3, 196, 0.803128
3, 197, -1
3, 198, 0.571082
3, 199, -1
3, 200, 0.968243
3, 201, 0.999481
3, 202, 0.999483
3, 203, 0.718356
3, 204, 0.79422
3, 205, 0.999491
3, 206, 0.968258
3, 207, -1
3, 208, 0.88794
3, 209, 0.919179
3, 210, -1
3, 211, -1
3, 212, 0.856712
3, 213, 0.910264
3, 214, 0.928116
3, 215, -1
3, 216, -1
3, 217, -1
3, 218, -1
3, 219, -1
3, 220, -0.245671
3, 221, -1
3, 222, 0.544346
3, 223, 0.722858
3, 224, -1
3, 225, 0.879054
3, 226, 0.97277
3, 227, -1
3, 228, 0.910299
3, 229, -1
3, 230, -1
3, 231, -1
3, 232, 0.937084
3, 233, 0.910311
3, 234, 0.879075
3, 235, 0.999568
3, 236, 0.713958
3, 237, -1
3, 238, -1
3, 239, 0.321181
3, 240, -0.183172
3, 241, 0.825538
3, 242, -1
3, 243, 0.767526
3, 244, 0.905874
3, 245, 0.937116
3, 246, -1
3, 247, 0.883567
3, 248, -1
3, 249, 0.937125
3, 250, -1
3, 251, -1
3, 252, 0.879116
3, 253, -1
3, 254, 0.937137
3, 255, 0.946065
3, 256, 0.6292
3, 257, 0.807721
3, 258, 0.789871
3, 259, -1
3, 260, -1
3, 261, 0.812192
3, 262, 0.919305
3, 263, -1
3, 264, 0.905921
3, 265, 0.905923
3, 266, 0.905926
3, 267, -1
3, 268, 0.90593
3, 269, 0.999655
3, 270, 0.968417
3, 271, 0.870233
3, 272, 0.843457
3, 273, 0.905942
3, 274, 0.950575
3, 275, -1
3, 276, -1
3, 277, -1
3, 278, 0.142692
3, 279, -1
3, 280, -1
3, 281, 0.383722
3, 282, -1
3, 283, 0.941671
3, 284, 0.776536
3, 285, -1
3, 286, -1
3, 287, 0.968459
3, 288, -1
3, 289, 0.950611
3, 290, -1
3, 291, 0.598019
3, 292, 0.937229
3, 293, 0.968474
3, 294, 0.227556
3, 295, 0.678366
3, 296, 0.138247
3, 297, 0.589062
3, 298, -1
3, 299, -1
3, 300, -1
3, 301, 0.182888
3, 302, 0.0445557
3, 303, -0.10721
3, 304, -1
3, 305, -1
3, 306, 0.575687
3, 307, -1
3, 308, 0.892634
3, 309, -1
3, 310, -1
3, 311, -1
3, 312, 0.406082
3, 313, -1
3, 314, 0.133841
3, 315, 0.0534944
3, 316, -1
3, 317, -1
3, 318, -0.0223876
3, 319, 0.455232
3, 320, 0.94176
3, 321, -1
3, 322, -1
3, 323, -1
3, 324, -1
3, 325, -1
3, 326, 0.379359
3, 327, -1
3, 328, 0.919422
3, 329, 0.0847534
3, 330, -1
3, 331, 0.660579
3, 332, -1
3, 333, 0.856983
3, 334, -1
3, 335, -1
3, 336, 0.0490487
3, 337, -0.0268369
3, 338, -1
3, 339, -1
3, 340, -0.129546
3, 341, -1
3, 342, -1
3, 343, 0.0133432
3, 344, -1
3, 345, -1
3, 346, 0.38385
3, 347, 0.37046
3, 348, 0.696321
3, 349, -0.0938279
3, 350, -1
3, 351, -1
3, 352, -1
3, 353, 0.772216
3, 354, 0.928451
3, 355, -1
3, 356, 0.669553
3, 357, 0.464175
3, 358, 0.968636
3, 359, -1
3, 360, -1
3, 361, 0.276694
3, 362, 0.178528
3, 363, -0.0402495
3, 364, -1
3, 365, -1
3, 366, 0.732067
3, 367, 0.723141
3, 368, -1
3, 369, 0.937415
3, 370, 0.776715
3, 371, -1
3, 372, 0.830287
3, 373, -1
3, 374, -1
3, 375, 0.928502
3, 376, 0.486564
3, 377, 0.999931
3, 378, -1
3, 379, 0.999936
3, 380, -1
3, 381, -1
3, 382, 0.65621
3, 383, 0.482071
3, 384, 0.937452
3, 385, 0.803531
3, 386, -1
3, 387, 0.366009
3, 388, -1
3, 389, -1
3, 390, 0.59819
3, 391, 0.696404
3, 392, 0.468732
3, 393, 0.330303
3, 394, 0.919619
3, 395, 0.968728
3, 396, 0.642802
3, 397, -1
3, 398, 0.857089
3, 399, -1
4, 0, -0.25471
4, 1, 0.744682
4, 2, -1
4, 3, -1
4, 4, 0.659973
4, 5, 0.981136
4, 6, 0.664438
4, 7, 0.535071
4, 8, -0.192232
4, 9, 0.579685
4, 10, -1
4, 11, 0.842877
4, 12, -1
4, 13, 0.887487
4, 14, -1
4, 15, 0.722446
4, 16, 0.517201
4, 17, 0.218284
4, 18, -1
4, 19, 0.642117
4, 20, 0.245058
4, 21, 0.905348
4, 22, 0.90535
4, 23, 0.816139
4, 24, -1
4, 25, 0.044278
4, 26, 0.209371
4, 27, 0.06659
4, 28, -1
4, 29, -1
4, 30, 0.365574
4, 31, 0.401268
4, 32, 0.303114
4, 33, -1
4, 34, 0.811702
4, 35, -1
4, 36, -1
4, 37, 0.0532125
4, 38, 0.29862
4, 39, 0.941076
4, 40, -1
4, 41, 0.842943
4, 42, -0.102963
4, 43, -1
4, 44, -1
4, 45, -0.147586
4, 46, 0.285244
4, 47, 0.138001
4, 48, 0.20047
4, 49, 0.115733
4, 50, -1
4, 51, -1
4, 52, -0.21448
4, 53, 0.178206
4, 54, 0.222827
4, 55, -1
4, 56, -1
4, 57, -1
4, 58, -1
4, 59, 0.21833
4, 60, -1
4, 61, 0.669001
4, 62, 0.0755454
4, 63, 0.771614
4, 64, -1
4, 65, -1
4, 66, 0.686856
4, 67, -1
4, 68, -1
4, 69, -1
4, 70, -1
4, 71, -1
4, 72, 0.133604
4, 73, -1
4, 74, -1
4, 75, -1
4, 76, -1
4, 77, 0.60657
4, 78, 0.249586
4, 79, 0.838566
4, 80, 0.160345
4, 81, -1
4, 82, 0.619964
4, 83, 0.606581
4, 84, -1
4, 85, 0.169275
4, 86, 0.628894
4, 87, -1
4, 88, 0.227286
4, 89, 0.383501
4, 90, 0.11127
4, 91, -1
4, 92, 0.138046
4, 93, 0.48613
4, 94, 0.914442
4, 95, 0.776142
4, 96, 0.561946
4, 97, 0.994751
4, 98, 0.999215
4, 99, 0.999218
4, 100, 0.843074
4, 101, 0.727037
4, 102, 0.664616
4, 103, -0.000280939
4, 104, 0.459335
4, 105, 0.294239
4, 106, -1
4, 107, 0.548619
4, 108, -1
4, 109, 0.722631
4, 110, 0.387991
4, 111, -1
4, 112, -1
4, 113, 0.999253
4, 114, 0.999256
4, 115, 0.999259
4, 116, 0.999261
4, 117, -1
4, 118, 0.999266
4, 119, 0.999269
4, 120, 0.936811
4, 121, 0.31657
4, 122, -1
4, 123, -1
4, 124, -1
4, 125, 0.548648
4, 126, 0.68697
4, 127, -1
4, 128, -1
4, 129, -1
4, 130, 0.999297
4, 131, 0.968069
4, 132, 0.999302
4, 133, -1
4, 134, -1
4, 135, 0.994848
4, 136, 0.999312
4, 137, 0.700336
4, 138, 0.999317
4, 139, 0.99932
4, 140, 0.81193
4, 141, 0.0711534
4, 142, -1
4, 143, 0.803013
4, 144, -0.0180996
4, 145, 0.762819
4, 146, -1
4, 147, -1
4, 148, 0.905646
4, 149, -1
4, 150, 0.968116
4, 151, 0.794066
4, 152, -1
4, 153, 0.245209
4, 154, 0.0934789
4, 155, -1
4, 156, -1
4, 157, -1
4, 158, 0.1872
4, 159, -1
4, 160, -1
4, 161, -0.187681
4, 162, 0.410374
4, 163, 0.745008
4, 164, 0.82983
4, 165, 0.999386
4, 166, 0.606685
4, 167, 0.709319
4, 168, 0.785218
4, 169, -0.0894884
4, 170, 0.303283
4, 171, -1
4, 172, -1
4, 173, -0.169781
4, 174, -0.174244
4, 175, -0.00910925
4, 176, -1
4, 177, -1
4, 178, -0.0269993
4, 179, 0.575471
4, 180, -1
4, 181, 0.794169
4, 182, -1
4, 183, -0.169816
4, 184, -1
4, 185, -1
4, 186, 0.539783
4, 187, -1
4, 188, -1
4, 189, 0.852196
4, 190, 0.280994
4, 191, -1
4, 192, -1
4, 193, 0.0399987
4, 194, 0.23637
4, 195, -0.049302
4, 196, 0.039961
4, 197, -1
4, 198, 0.700494
4, 199, -1
4, 200, -1
4, 201, 0.330058
4, 202, -1
4, 203, -1
4, 204, -1
4, 205, -1
4, 206, 0.664809
4, 207, 0.713859
4, 208, 0.905787
4, 209, -1
4, 210, -1
4, 211, -1
4, 212, -0.183148
4, 213, -1
4, 214, -1
4, 215, 0.557721
4, 216, -0.290308
4, 217, 0.022126
4, 218, 0.776397
4, 219, -1
4, 220, -0.245672
4, 221, 0.887968
4, 222, 0.0132036
4, 223, -1
4, 224, -1
4, 225, 0.334592
4, 226, 0.437201
4, 227, 0.477409
4, 228, 0.58452
4, 229, -1
4, 230, 0.17839
4, 231, 0.285506
4, 232, 0.0623482
4, 233, -1
4, 234, 0.705026
4, 235, -1
4, 236, 0.495275
4, 237, 0.816601
4, 238, -0.201027
4, 239, 0.405979
4, 240, 0.892474
4, 241, -1
4, 242, -1
4, 243, 0.526527
4, 244, -1
4, 245, -1
4, 246, 0.334619
4, 247, -1
4, 248, 0.544387
4, 249, -1
4, 250, -1
4, 251, 0.664893
4, 252, -1
4, 253, -1
4, 254, 0.879118
4, 255, -1
4, 256, -1
4, 257, -1
4, 258, 0.437288
4, 259, 0.816649
4, 260, -0.236724
4, 261, -1
4, 262, 0.981743
4, 263, -1
4, 264, -1
4, 265, 0.196239
4, 266, -1
4, 267, 0.584586
4, 268, -1
4, 269, -1
4, 270, -1
4, 271, 0.776507
4, 272, -1
4, 273, 0.865732
4, 274, -1
4, 275, -0.0269253
4, 276, 0.79437
4, 277, 0.473022
4, 278, -0.263497
4, 279, -1
4, 280, -1
4, 281, 0.821119
4, 282, -1
4, 283, 0.999688
4, 284, -1
4, 285, 0.870223
4, 286, -1
4, 287, -1
4, 288, 0.968459
4, 289, 0.968461
4, 290, 0.999706
4, 291, -1
4, 292, 0.593555
4, 293, -1
4, 294, -1
4, 295, -1
4, 296, 0.129318
4, 297, 0.580174
4, 298, 0.477476
4, 299, -1
4, 300, 0.88815
4, 301, 0.633742
4, 302, 0.999737
4, 303, -1
4, 304, 0.999742
4, 305, -1
4, 306, 0.888124
4, 307, -1
4, 308, 0.968509
4, 309, 0.968511
4, 310, -1
4, 311, 0.214183
4, 312, 0.0445231
4, 313, -1
4, 314, 0.508746
4, 315, -1
4, 316, 0.361449
4, 317, 0.665015
4, 318, -1
4, 319, -1
4, 320, -1
4, 321, 0.812319
4, 322, -1
4, 323, -1
4, 324, 0.999793
4, 325, -1
4, 326, -1
4, 327, -1
4, 328, 0.763235
4, 329, 0.673924
4, 330, -1
4, 331, -1
4, 332, -0.209902
4, 333, -0.120583
4, 334, 0.75428
4, 335, 0.598093
4, 336, 0.575776
4, 337, -1
4, 338, 0.968583
4, 339, -1
4, 340, 0.495395
4, 341, 0.535611
4, 342, 0.68738
4, 343, -1
4, 344, -1
4, 345, -1
4, 346, 0.834692
4, 347, -1
4, 348, 0.361532
4, 349, -1
4, 350, -1
4, 351, 0.214227
4, 352, -1
4, 353, -0.0982495
4, 354, 0.615981
4, 355, -1
4, 356, 0.718654
4, 357, 0.736511
4, 358, -1
4, 359, -0.290241
4, 360, -1
4, 361, -1
4, 362, 0.531181
4, 363, 0.696348
4, 364, 0.330265
4, 365, -1
4, 366, -1
4, 367, 0.647252
4, 368, 0.379414
4, 369, 0.4062
4, 370, -1
4, 371, -1
4, 372, -0.0670282
4, 373, 0.348173
4, 374, -1
4, 375, -1
4, 376, 0.772261
4, 377, -1
4, 378, 0.584735
4, 379, 0.169576
4, 380, -1
4, 381, 0.96869
4, 382, -1
4, 383, -1
4, 384, 0.776702
4, 385, -1
4, 386, -1
4, 387, -1
4, 388, -0.0804094
4, 389, -1
4, 390, -1
4, 391, 0.0178053
4, 392, 0.339269
4, 393, 0.468732
4, 394, -1
4, 395, -1
4, 396, 0.18745
4, 397, -0.187545
4, 398, 0.749986
4, 399, -1
5, 0, 0.998962
5, 1, 0.869615
5, 2, -1
5, 3, -1
5, 4, -0.0628297
5, 5, -0.219009
5, 6, 0.280733
5, 7, -1
5, 8, -1
5, 9, -1
5, 10, -1
5, 11, 0.120158
5, 12, -0.0404728
5, 13, -1
5, 14, -1
5, 15, -1
5, 16, -1
5, 17, -1
5, 18, -1
5, 19, 0.780443
5, 20, -1
5, 21, -1
5, 22, -1
5, 23, -1
5, 24, 0.62428
5, 25, -0.165448
5, 26, -1
5, 27, 0.204949
5, 28, -1
5, 29, -1
5, 30, 0.320957
5, 31, -1
5, 32, -0.0181468
5, 33, -0.0716931
5, 34, 0.606493
5, 35, -1
5, 36, -1
5, 37, -1
5, 38, 0.677879
5, 39, -1
5, 40, 0.673421
5, 41, -1
5, 42, -1
5, 43, -1
5, 44, -1
5, 45, 0.695737
5, 46, -0.143123
5, 47, -1
5, 48, -1
5, 49, -1
5, 50, -1
5, 51, -1
5, 52, -1
5, 53, -1
5, 54, -1
5, 55, -1
5, 56, -1
5, 57, -1
5, 58, -1
5, 59, 0.963426
5, 60, -1
5, 61, 0.695767
5, 62, 0.42808
5, 63, 0.379002
5, 64, 0.570854
5, 65, -1
5, 66, -0.013658
5, 67, 0.450396
5, 68, -1
5, 69, -1
5, 70, -1
5, 71, -1
5, 72, -1
5, 73, -1
5, 74, -1
5, 75, 0.901011
5, 76, -1
5, 77, 0.967932
5, 78, -1
5, 79, 0.999164
5, 80, 0.65565
5, 81, -1
5, 82, 0.18716
5, 83, -1
5, 84, -1
5, 85, 0.561966
5, 86, 0.945649
5, 87, 0.94119
5, 88, 0.86089
5, 89, 0.102343
5, 90, -1
5, 91, 0.847513
5, 92, -1
5, 93, 0.914437
5, 94, 0.91444
5, 95, 0.945671
5, 96, 0.887676
5, 97, 0.950137
5, 98, -1
5, 99, 0.999215
5, 100, -1
5, 101, -1
5, 102, -1
5, 103, 0.575381
5, 104, 0.59319
5, 105, 0.910004
5, 106, -1
5, 107, -1
5, 108, -1
5, 109, 0.883245
5, 110, 0.95463
5, 111, 0.999246
5, 112, 0.981403
5, 113, 0.999251
5, 114, 0.999253
5, 115, 0.999256
5, 116, 0.950183
5, 117, 0.918955
5, 118, -1
5, 119, 0.976959
5, 120, -1
5, 121, 0.892196
5, 122, 0.794042
5, 123, -1
5, 124, 0.976972
5, 125, -1
5, 126, 0.968054
5, 127, 0.843132
5, 128, 0.892212
5, 129, 0.918984
5, 130, 0.999294
5, 131, -1
5, 132, 0.999299
5, 133, -1
5, 134, -1
5, 135, 0.753914
5, 136, 0.825305
5, 137, 0.936809
5, 138, 0.90562
5, 139, 0.936854
5, 140, 0.789578
5, 141, -1
5, 142, 0.780699
5, 143, -1
5, 144, -1
5, 145, -1
5, 146, 0.910101
5, 147, -1
5, 148, 0.932414
5, 149, 0.968111
5, 150, -1
5, 151, -1
5, 152, 0.883304
5, 153, -1
5, 154, -1
5, 155, -1
5, 156, -1
5, 157, -1
5, 158, -1
5, 159, -1
5, 160, 0.985945
5, 161, 0.914598
5, 162, -1
5, 163, 0.901217
5, 164, 0.883372
5, 165, -1
5, 166, -1
5, 167, -1
5, 168, -1
5, 169, 0.972623
5, 170, -1
5, 171, -1
5, 172, -1
5, 173, -1
5, 174, -1
5, 175, -1
5, 176, -1
5, 177, -1
5, 178, -1
5, 179, -1
5, 180, -1
5, 181, -1
5, 182, -1
5, 183, -1
5, 184, -1
5, 185, 0.9682
5, 186, -1
5, 187, 0.99944
5, 188, -1
5, 189, -1
5, 190, -1
5, 191, -1
5, 192, -1
5, 193, -1
5, 194, -1
5, 195, -1
5, 196, -1
5, 197, -1
5, 198, -1
5, 199, -1
5, 200, 0.78082
5, 201, -1
5, 202, 0.450594
5, 203, 0.441629
5, 204, -1
5, 205, 0.96825
5, 206, -1
5, 207, 0.999491
5, 208, 0.852236
5, 209, -1
5, 210, 0.825466
5, 211, 0.486309
5, 212, -1
5, 213, -1
5, 214, -1
5, 215, -1
5, 216, -1
5, 217, -1
5, 218, -1
5, 219, -1
5, 220, 0.0935387
5, 221, 0.129285
5, 222, -0.151899
5, 223, -1
5, 224, -1
5, 225, 0.95045
5, 226, 0.968302
5, 227, -1
5, 228, 0.722864
5, 229, -1
5, 230, -1
5, 231, 0.910301
5, 232, -1
5, 233, 0.651469
5, 234, 0.638082
5, 235, -1
5, 236, -1
5, 237, -0.143003
5, 238, -1
5, 239, 0.263199
5, 240, 0.829994
5, 241, -1
5, 242, -0.11622
5, 243, 0.896942
5, 244, -1
5, 245, 0.459542
5, 246, -1
5, 247, -1
5, 248, 0.97282
5, 249, -1
5, 250, 0.660426
5, 251, -1
5, 252, -1
5, 253, 0.870188
5, 254, 0.816636
5, 255, -1
5, 256, 0.455136
5, 257, -0.169772
5, 258, 0.0712566
5, 259, -0.0135478
5, 260, 0.138209
5, 261, -1
5, 262, 0.861283
5, 263, 0.888022
5, 264, 0.999637
5, 265, 0.325715
5, 266, -1
5, 267, 0.446226
5, 268, 0.97287
5, 269, -1
5, 270, 0.0400632
5, 271, -1
5, 272, -1
5, 273, -1
5, 274, 0.999662
5, 275, -1
5, 276, 0.325729
5, 277, -0.107269
5, 278, 0.629235
5, 279, 0.0935929
5, 280, -1
5, 281, 0.990754
5, 282, 0.999683
5, 283, -1
5, 284, 0.986299
5, 285, -1
5, 286, -1
5, 287, 0.807781
5, 288, -1
5, 289, 0.928291
5, 290, 0.727449
5, 291, 0.888127
5, 292, 0.937224
5, 293, -1
5, 294, 0.999714
5, 295, -1
5, 296, 0.432878
5, 297, -1
5, 298, 0.736391
5, 299, -1
5, 300, -1
5, 301, 0.780991
5, 302, -1
5, 303, -1
5, 304, -1
5, 305, 0.999742
5, 306, -1
5, 307, -1
5, 308, 0.999749
5, 309, -1
5, 310, 0.736415
5, 311, 0.91049
5, 312, -1
5, 313, 0.999762
5, 314, -1
5, 315, 0.209723
5, 316, -1
5, 317, -0.0358216
5, 318, -1
5, 319, -1
5, 320, 0.843559
5, 321, 0.620385
5, 322, -1
5, 323, -1
5, 324, 0.99979
5, 325, 0.999793
5, 326, -1
5, 327, -1
5, 328, -1
5, 329, 0.848043
5, 330, 0.785555
5, 331, -1
5, 332, -1
5, 333, -1
5, 334, 0.638263
5, 335, -1
5, 336, -1
5, 337, 0.47307
5, 338, -1
5, 339, 0.834634
5, 340, -0.321498
5, 341, 0.910561
5, 342, -1
5, 343, 0.906102
5, 344, -1
5, 345, 0.999844
5, 346, 0.968601
5, 347, -1
5, 348, 0.879331
5, 349, 0.816841
5, 350, 0.816843
5, 351, -1
5, 352, -1
5, 353, 0.249899
5, 354, -1
5, 355, 0.124911
5, 356, -1
5, 357, -1
5, 358, 0.999877
5, 359, 0.968633
5, 360, 0.705228
5, 361, -1
5, 362, -0.107213
5, 363, 0.593676
5, 364, 0.51775
5, 365, -1
5, 366, 0.937403
5, 367, -1
5, 368, 0.937408
5, 369, -1
5, 370, -1
5, 371, 0.99991
5, 372, 0.973129
5, 373, 0.772253
5, 374, -0.138453
5, 375, -1
5, 376, 0.491025
5, 377, 0.647228
5, 378, 0.0133297
5, 379, 0.223144
5, 380, 0.874941
5, 381, 0.825798
5, 382, 0.575812
5, 383, 0.825843
5, 384, 0.651745
5, 385, 0.986514
5, 386, 0.651709
5, 387, 0.392831
5, 388, -1
5, 389, -1
5, 390, -1
5, 391, -1
5, 392, 0.973179
5, 393, 0.647298
5, 394, 0.147269
5, 395, -1
5, 396, 0.71873
5, 397, -4.75052e-05
5, 398, 0.718694
5, 399, 0.156203
6, 0, 0.624235
6, 1, -1
6, 2, -1
6, 3, -1
6, 4, -1
6, 5, -1
6, 6, -1
6, 7, 0.588601
6, 8, 0.396732
6, 9, -1
6, 10, -1
6, 11, -1
6, 12, 0.294124
6, 13, 0.619798
6, 14, -1
6, 15, -1
6, 16, -1
6, 17, -0.107443
6, 18, 0.900876
6, 19, -1
6, 20, -1
6, 21, -1
6, 22, -1
6, 23, 0.825056
6, 24, 0.668929
6, 25, 0.570787
6, 26, -1
6, 27, 0.204908
6, 28, 0.660014
6, 29, -1
6, 30, 0.468185
6, 31, -1
6, 32, -0.196682
6, 33, 0.450344
6, 34, -1
6, 35, -1
6, 36, 0.874153
6, 37, 0.999054
6, 38, -1
6, 39, -0.0672675
6, 40, -1
6, 41, -0.21899
6, 42, -0.183289
6, 43, 0.664463
6, 44, 0.731421
6, 45, 0.294164
6, 46, 0.396784
6, 47, 0.579706
6, 48, 0.503904
6, 49, -1
6, 50, 0.196009
6, 51, 0.178202
6, 52, -0.276999
6, 53, -1
6, 54, 0.811741
6, 55, -1
6, 56, -1
6, 57, 0.178168
6, 58, 0.686797
6, 59, 0.905432
6, 60, 0.999113
6, 61, -0.276994
6, 62, 0.936666
6, 63, 0.236181
6, 64, 0.615467
6, 65, 0.276381
6, 66, 0.312037
6, 67, 0.343312
6, 68, 0.329927
6, 69, 0.325426
6, 70, 0.637785
6, 71, 0.15145
6, 72, 0.263003
6, 73, -0.169883
6, 74, -1
6, 75, -0.13418
6, 76, 0.829633
6, 77, 0.923319
6, 78, 0.999159
6, 79, -1
6, 80, -1
6, 81, 0.535147
6, 82, 0.463802
6, 83, 0.187119
6, 84, -1
6, 85, -1
6, 86, 0.436996
6, 87, 0.486118
6, 88, 0.271946
6, 89, -1
6, 90, 0.0443318
6, 91, 0.307646
6, 92, -1
6, 93, -1
6, 94, 0.843056
6, 95, 0.499516
6, 96, -1
6, 97, -1
6, 98, 0.240682
6, 99, 0.999213
6, 100, 0.816301
6, 101, -0.285901
6, 102, 0.294233
6, 103, -0.138625
6, 104, 0.106818
6, 105, 0.54411
6, 106, -1
6, 107, -1
6, 108, 0.236231
6, 109, 0.423684
6, 110, -1
6, 111, -1
6, 112, -1
6, 113, -1
6, 114, -0.116304
6, 115, 0.579862
6, 116, 0.575401
6, 117, 0.651255
6, 118, -0.116302
6, 119, 0.892189
6, 120, 0.637834
6, 121, 0.914501
6, 122, -1
6, 123, 0.624495
6, 124, 0.798506
6, 125, -1
6, 126, 0.968051
6, 127, 0.968054
6, 128, 0.999287
6, 129, -1
6, 130, 0.307654
6, 131, 0.704823
6, 132, -1
6, 133, 0.0310208
6, 134, -1
6, 135, 0.673557
6, 136, 0.00866926
6, 137, -1
6, 138, 0.499582
6, 139, 0.356751
6, 140, 0.985892
6, 141, -1
6, 142, 0.437117
6, 143, 0.45939
6, 144, 0.0176013
6, 145, -1
6, 146, 0.205036
6, 147, -1
6, 148, -1
6, 149, 0.99934
6, 150, 0.115787
6, 151, -0.0984281
6, 152, -0.00470635
6, 153, 0.106864
6, 154, -1
6, 155, -1
6, 156, -1
6, 157, -0.00916528
6, 158, -1
6, 159, -1
6, 160, -1
6, 161, 0.370168
6, 162, 0.936908
6, 163, 0.298769
6, 164, -1
6, 165, 0.999381
6, 166, 0.629033
6, 167, -1
6, 168, 0.780751
6, 169, -0.125194
6, 170, 0.325594
6, 171, -1
6, 172, -1
6, 173, -1
6, 174, 0.22738
6, 175, 0.48175
6, 176, 0.70487
6, 177, 0.977102
6, 178, 0.77627
6, 179, -1
6, 180, -0.174282
6, 181, -1
6, 182, 0.330072
6, 183, 0.655838
6, 184, -1
6, 185, 0.463955
6, 186, -1
6, 187, -1
6, 188, -1
6, 189, -1
6, 190, -1
6, 191, -1
6, 192, -1
6, 193, 0.156035
6, 194, -0.178737
6, 195, 0.39703
6, 196, 0.731683
6, 197, -0.174272
6, 198, 0.999466
6, 199, -1
6, 200, 0.695991
6, 201, 0.745121
6, 202, -1
6, 203, 0.504146
6, 204, 0.325637
6, 205, -1
6, 206, -1
6, 207, -1
6, 208, -1
6, 209, 0.102494
6, 210, 0.178367
6, 211, -0.0313985
6, 212, -1
6, 213, 0.0979944
6, 214, 0.526437
6, 215, 0.280981
6, 216, -1
6, 217, 0.548755
6, 218, 0.999517
6, 219, -1
6, 220, 0.142632
6, 221, -1
6, 222, 0.388101
6, 223, -1
6, 224, 0.55327
6, 225, 0.138214
6, 226, -1
6, 227, 0.0623017
6, 228, 0.0801958
6, 229, -1
6, 230, 0.646959
6, 231, -1
6, 232, 0.298894
6, 233, -1
6, 234, -1
6, 235, 0.718413
6, 236, 0.838908
6, 237, -1
6, 238, 0.928166
6, 239, -1
6, 240, 0.937096
6, 241, -1
6, 242, 0.713964
6, 243, -1
6, 244, 0.0623166
6, 245, -1
6, 246, -1
6, 247, 0.236387
6, 248, 0.0757102
6, 249, -1
6, 250, 0.156052
6, 251, -1
6, 252, -1
6, 253, 0.51315
6, 254, 0.0846826
6, 255, 0.678285
6, 256, 0.414926
6, 257, -1
6, 258, 0.205156
6, 259, -1
6, 260, 0.0891111
6, 261, -1
6, 262, -1
6, 263, -1
6, 264, 0.669376
6, 265, -0.138523
6, 266, 0.0667994
6, 267, -1
6, 268, -0.000151087
6, 269, -1
6, 270, -1
6, 271, 0.401597
6, 272, -1
6, 273, -1
6, 274, 0.361432
6, 275, -1
6, 276, -1
6, 277, -1
6, 278, -1
6, 279, -0.0269238
6, 280, -1
6, 281, -1
6, 282, -1
6, 283, -1
6, 284, 0.718509
6, 285, -1
6, 286, -1
6, 287, -1
6, 288, -1
6, 289, 0.455143
6, 290, 0.240899
6, 291, -1
6, 292, -0.0849415
6, 293, 0.446262
6, 294, -0.156359
6, 295, -1
6, 296, 0.718532
6, 297, 0.968476
6, 298, -1
6, 299, -1
6, 300, 0.968484
6, 301, -1
6, 302, -1
6, 303, -1
6, 304, 0.700694
6, 305, 0.187352
6, 306, -1
6, 307, -1
6, 308, 0.589116
6, 309, -0.0358284
6, 310, 0.352512
6, 311, 0.446288
6, 312, -1
6, 313, 0.682858
6, 314, -1
6, 315, -1
6, 316, 0.968524
6, 317, 0.964063
6, 318, 0.946212
6, 319, 0.678406
6, 320, -1
6, 321, -1
6, 322, -1
6, 323, -1
6, 324, 0.638243
6, 325, 0.356995
6, 326, -1
6, 327, -0.165267
6, 328, -0.0402779
6, 329, -1
6, 330, -0.0759874
6, 331, -1
6, 332, -1
6, 333, -1
6, 334, -1
6, 335, -1
6, 336, 0.999818
6, 337, -1
6, 338, 0.763251
6, 339, 0.968581
6, 340, 0.129359
6, 341, 0.0400822
6, 342, -1
6, 343, -1
6, 344, -1
6, 345, -1
6, 346, -1
6, 347, 0.571328
6, 348, -1
6, 349, -1
6, 350, -0.129541
6, 351, -1
6, 352, -1
6, 353, 0.665078
6, 354, -1
6, 355, 0.312395
6, 356, 0.517736
6, 357, -1
6, 358, -1
6, 359, 0.790078
6, 360, -1
6, 361, 0.968636
6, 362, 0.968638
6, 363, -1
6, 364, -1
6, 365, -1
6, 366, -1
6, 367, 0.441866
6, 368, -1
6, 369, -1
6, 370, -1
6, 371, -1
6, 372, -1
6, 373, -0.0848853
6, 374, 0.325811
6, 375, -1
6, 376, 0.218676
6, 377, 0.857076
6, 378, 0.950822
6, 379, -0.250055
6, 380, 0.21868
6, 381, 0.178504
6, 382, -1
6, 383, 0.602597
6, 384, -1
6, 385, -1
6, 386, -1
6, 387, 0.142797
6, 388, -0.160766
6, 389, -1
6, 390, -1
6, 391, -1
6, 392, -0.0893364
6, 393, 0.522259
6, 394, 0.52226
6, 395, -1
6, 396, -1
6, 397, 0.526729
6, 398, 0.999977
6, 399, -1
7, 0, 0.543937
7, 1, 0.967738
7, 2, -1
7, 3, 0.9276
7, 4, -1
7, 5, 0.570751
7, 6, 0.262925
7, 7, 0.419036
7, 8, -1
7, 9, 0.976679
7, 10, 0.865171
7, 11, 0.949921
7, 12, 0.936543
7, 13, 0.936545
7, 14, 0.972231
7, 15, 0.271859
7, 16, 0.677834
7, 17, 0.561809
7, 18, -1
7, 19, 0.972243
7, 20, 0.619808
7, 21, -1
7, 22, -1
7, 23, -1
7, 24, 0.798252
7, 25, -1
7, 26, -1
7, 27, 0.602016
7, 28, -1
7, 29, -1
7, 30, 0.767079
7, 31, 0.833993
7, 32, 0.967815
7, 33, -1
7, 34, -1
7, 35, 0.120179
7, 36, -0.0717327
7, 37, -0.254693
7, 38, 0.106756
7, 39, -1
7, 40, -1
7, 41, -1
7, 42, 0.762643
7, 43, 0.048753
7, 44, -0.25469
7, 45, 0.387858
7, 46, -1
7, 47, 0.735886
7, 48, -1
7, 49, -1
7, 50, 0.249591
7, 51, 0.878646
7, 52, -1
7, 53, 0.87419
7, 54, -0.111842
7, 55, -1
7, 56, -1
7, 57, -0.210056
7, 58, -1
7, 59, 0.50392
7, 60, 0.99911
7, 61, 0.999113
7, 62, -1
7, 63, -1
7, 64, -1
7, 65, -1
7, 66, -1
7, 67, 0.700196
7, 68, 0.999131
7, 69, -1
7, 70, 0.883151
7, 71, -1
7, 72, 0.25854
7, 73, -1
7, 74, -1
7, 75, -1
7, 76, 0.325474
7, 77, -1
7, 78, -1
7, 79, 0.405792
7, 80, 0.887635
7, 81, 0.593147
7, 82, -0.326076
7, 83, 0.00866596
7, 84, -1
7, 85, 0.414724
7, 86, -1
7, 87, -1
7, 88, -1
7, 89, -1
7, 90, -1
7, 91, 0.99919
7, 92, -1
7, 93, -1
7, 94, -1
7, 95, -1
7, 96, -1
7, 97, -1
7, 98, -1
7, 99, -1
7, 100, -1
7, 101, 0.624454
7, 102, 0.628877
7, 103, -1
7, 104, -1
7, 105, -1
7, 106, -1
7, 107, -1
7, 108, 0.968004
7, 109, -1
7, 110, 0.999238
7, 111, 0.945705
7, 112, -1
7, 113, -1
7, 114, -1
7, 115, -1
7, 116, -1
7, 117, -1
7, 118, -1
7, 119, -1
7, 120, -1
7, 121, -1
7, 122, -1
7, 123, 0.90558
7, 124, -1
7, 125, -1
7, 126, -1
7, 127, -1
7, 128, 0.968054
7, 129, 0.999287
7, 130, 0.968059
7, 131, 0.999292
7, 132, 0.00424282
7, 133, 0.0399453
7, 134, -1
7, 135, -1
7, 136, -0.0448445
7, 137, -1
7, 138, -1
7, 139, -1
7, 140, 0.0532991
7, 141, 0.736074
7, 142, 0.883316
7, 143, 0.312172
7, 144, 0.927938
7, 145, 0.200611
7, 146, -0.183229
7, 147, -0.245711
7, 148, -1
7, 149, 0.968106
7, 150, 0.959185
7, 151, -1
7, 152, 0.74498
7, 153, 0.597773
7, 154, -1
7, 155, 0.142607
7, 156, 0.48176
7, 157, 0.379126
7, 158, 0.584355
7, 159, 0.0354642
7, 160, 0.834276
7, 161, -1
7, 162, -1
7, 163, 0.535318
7, 164, 0.637952
7, 165, -1
7, 166, -1
7, 167, -1
7, 168, 0.972615
7, 169, 0.972618
7, 170, 0.999391
7, 171, 0.633503
7, 172, -1
7, 173, -1
7, 174, -1
7, 175, -0.00911161
7, 176, -1
7, 177, 0.727221
7, 178, -0.0939474
7, 179, -1
7, 180, 0.191683
7, 181, 0.82986
7, 182, -1
7, 183, 0.919108
7, 184, 0.807556
7, 185, 0.142637
7, 186, -1
7, 187, -1
7, 188, -1
7, 189, 0.941433
7, 190, 0.97267
7, 191, 0.919127
7, 192, 0.557678
7, 193, -1
7, 194, -0.187624
7, 195, -1
7, 196, -1
7, 197, 0.352363
7, 198, -0.10286
7, 199, 0.325589
7, 200, -1
7, 201, -1
7, 202, -1
7, 203, -1
7, 204, -1
7, 205, -1
7, 206, -1
7, 207, -1
7, 208, -1
7, 209, -1
7, 210, -1
7, 211, 0.941486
7, 212, -1
7, 213, -1
7, 214, -1
7, 215, 0.441684
7, 216, -1
7, 217, -1
7, 218, -1
7, 219, 0.66925
7, 220, -1
7, 221, 0.910273
7, 222, -1
7, 223, 0.401489
7, 224, 0.597856
7, 225, 0.289958
7, 226, 0.223014
7, 227, -1
7, 228, -1
7, 229, 0.999542
7, 230, 0.879056
7, 231, -1
7, 232, 0.905836
7, 233, -1
7, 234, -1
7, 235, -1
7, 236, 0.914771
7, 237, -1
7, 238, 0.937089
7, 239, -1
7, 240, 0.294399
7, 241, -1
7, 242, 0.401516
7, 243, -1
7, 244, 0.861197
7, 245, -0.250124
7, 246, -1
7, 247, -1
7, 248, 0.968352
7, 249, -1
7, 250, -1
7, 251, 0.98621
7, 252, 0.696129
7, 253, -1
7, 254, -1
7, 255, -1
7, 256, 0.749652
7, 257, 0.321199
7, 258, 0.0935718
7, 259, 0.615768
7, 260, -1
7, 261, -1
7, 262, -1
7, 263, 0.990704
7, 264, 0.191812
7, 265, -1
7, 266, -1
7, 267, 0.446223
7, 268, 0.999642
7, 269, 0.999645
7, 270, 0.883611
7, 271, 0.664924
7, 272, 0.17839
7, 273, -1
7, 274, -1
7, 275, 0.972882
7, 276, -1
7, 277, -1
7, 278, -1
7, 279, 0.678329
7, 280, -1
7, 281, -1
7, 282, -1
7, 283, 0.0311454
7, 284, 0.120417
7, 285, -1
7, 286, -1
7, 287, -1
7, 288, 0.972915
7, 289, -1
7, 290, 0.977383
7, 291, 0.522095
7, 292, -1
7, 293, -1
7, 294, -1
7, 295, -1
7, 296, 0.307898
7, 297, -1
7, 298, 0.584634
7, 299, -1
7, 300, -0.232241
7, 301, -1
7, 302, -1
7, 303, -1
7, 304, -0.0893573
7, 305, -1
7, 306, -1
7, 307, 0.825673
7, 308, -1
7, 309, 0.981894
7, 310, 0.977433
7, 311, 0.879242
7, 312, 0.79444
7, 313, -1
7, 314, 0.906029
7, 315, 0.383803
7, 316, 0.187403
7, 317, -1
7, 318, -1
7, 319, -1
7, 320, 0.843555
7, 321, 0.370379
7, 322, -1
7, 323, -1
7, 324, -1
7, 325, -1
7, 326, -0.263434
7, 327, -1
7, 328, 0.999795
7, 329, -1
7, 330, 0.977483
7, 331, -1
7, 332, 0.339148
7, 333, -1
7, 334, 0.999811
7, 335, -1
7, 336, -1
7, 337, -1
7, 338, 0.67844
7, 339, 0.732006
7, 340, 0.999826
7, 341, 0.682869
7, 342, 0.307954
7, 343, -1
7, 344, -1
7, 345, -1
7, 346, -1
7, 347, -1
7, 348, -1
7, 349, 0.700779
7, 350, -1
7, 351, 0.91058
7, 352, 0.941828
7, 353, -1
7, 354, 0.999862
7, 355, 0.714182
7, 356, -0.250027
7, 357, -1
7, 358, -1
7, 359, -0.102752
7, 360, 0.709688
7, 361, -1
7, 362, -1
7, 363, 0.258877
7, 364, -1
7, 365, 0.370478
7, 366, 0.763307
7, 367, -1
7, 368, -1
7, 369, 0.812416
7, 370, -1
7, 371, 0.999905
7, 372, -1
7, 373, 0.968663
7, 374, -1
7, 375, -1
7, 376, 0.361565
7, 377, -1
7, 378, 0.575842
7, 379, 0.906182
7, 380, 0.937432
7, 381, 0.834722
7, 382, -1
7, 383, -1
7, 384, -0.0848381
7, 385, -0.232155
7, 386, -1
7, 387, 0.482071
7, 388, -1
7, 389, -0.0982272
7, 390, -1
7, 391, -1
7, 392, -1
7, 393, 0.968713
7, 394, 0.999964
7, 395, -1
7, 396, 0.611586
7, 397, 0.566946
7, 398, -1
7, 399, 0.446415
8, 0, 0.419024
8, 1, -1
8, 2, 0.543939
8, 3, -1
8, 4, 0.802668
8, 5, 0.637623
8, 6, 0.111187
8, 7, -1
8, 8, 0.521643
8, 9, -1
8, 10, 0.967758
8, 11, 0.86513
8, 12, -1
8, 13, -1
8, 14, 0.579647
8, 15, 0.472581
8, 16, 0.972233
8, 17, 0.802695
8, 18, -1
8, 19, 0.41459
8, 20, 0.218283
8, 21, 0.878575
8, 22, 0.941025
8, 23, 0.066583
8, 24, 0.677847
8, 25, 0.526172
8, 26, -0.120826
8, 27, -1
8, 28, -1
8, 29, -1
8, 30, -1
8, 31, -1
8, 32, -0.0226516
8, 33, 0.918749
8, 34, 0.954436
8, 35, 0.96782
8, 36, -1
8, 37, 0.936601
8, 38, -1
8, 39, 0.999054
8, 40, -0.326095
8, 41, 0.615382
8, 42, -1
8, 43, -1
8, 44, 0.468163
8, 45, 0.802795
8, 46, -1
8, 47, -1
8, 48, -1
8, 49, 0.0576816
8, 50, 0.936632
8, 51, -1
8, 52, 0.923255
8, 53, 0.521715
8, 54, 0.82958
8, 55, 0.155854
8, 56, 0.999098
8, 57, -1
8, 58, 0.999062
8, 59, 0.999105
8, 60, -1
8, 61, 0.642186
8, 62, 0.173709
8, 63, -1
8, 64, -1
8, 65, 0.85191
8, 66, -1
8, 67, -1
8, 68, 0.950058
8, 69, 0.499472
8, 70, 0.93668
8, 71, -1
8, 72, 0.874191
8, 73, 0.142485
8, 74, 0.820702
8, 75, 0.780553
8, 76, -1
8, 77, -1
8, 78, -1
8, 79, -1
8, 80, -1
8, 81, 0.557493
8, 82, 0.5753
8, 83, -1
8, 84, 0.869797
8, 85, -1
8, 86, -1
8, 87, 0.905494
8, 88, -1
8, 89, 0.472733
8, 90, -1
8, 91, -1
8, 92, -1
8, 93, 0.245136
8, 94, -1
8, 95, -1
8, 96, 0.298685
8, 97, -1
8, 98, 0.035412
8, 99, 0.200521
8, 100, -1
8, 101, -1
8, 102, -1
8, 103, 0.361164
8, 104, 0.503948
8, 105, -1
8, 106, 0.999225
8, 107, 0.923386
8, 108, -1
8, 109, -1
8, 110, -1
8, 111, -1
8, 112, 0.227349
8, 113, -1
8, 114, -1
8, 115, -0.125231
8, 116, -1
8, 117, -1
8, 118, 0.611097
8, 119, -1
8, 120, -1
8, 121, -1
8, 122, -1
8, 123, -1
8, 124, 0.428124
8, 125, -1
8, 126, 0.905545
8, 127, -1
8, 128, -0.281426
8, 129, 0.820821
8, 130, -1
8, 131, -1
8, 132, -1
8, 133, -0.312665
8, 134, 0.41033
8, 135, -1
8, 136, 0.932378
8, 137, -1
8, 138, 0.646828
8, 139, 0.941309
8, 140, -1
8, 141, 0.968084
8, 142, -1
8, 143, 0.887778
8, 144, 0.999322
8, 145, -1
8, 146, -1
8, 147, -1
8, 148, -1
8, 149, 0.767322
8, 150, -1
8, 151, -1
8, 152, 0.151529
8, 153, -1
8, 154, -1
8, 155, -1
8, 156, -1
8, 157, -1
8, 158, -1
8, 159, 0.316612
8, 160, 0.968131
8, 161, 0.428177
8, 162, -1
8, 163, -1
8, 164, -1
8, 165, 0.789665
8, 166, 0.392484
8, 167, 0.789669
8, 168, 0.64242
8, 169, -1
8, 170, 0.28985
8, 171, 0.53533
8, 172, 0.178285
8, 173, -1
8, 174, -1
8, 175, 0.173825
8, 176, 0.923551
8, 177, 0.173828
8, 178, -1
8, 179, 0.78077
8, 180, -1
8, 181, 0.0533337
8, 182, 0.99942
8, 183, 0.753965
8, 184, -1
8, 185, 0.852178
8, 186, 0.838794
8, 187, -1
8, 188, 0.88342
8, 189, 0.437182
8, 190, 0.490735
8, 191, 0.838805
8, 192, 0.155991
8, 193, 0.936978
8, 194, -1
8, 195, -1
8, 196, 0.64243
8, 197, -1
8, 198, 0.704949
8, 199, -1
8, 200, -1
8, 201, -1
8, 202, 0.901261
8, 203, 0.066742
8, 204, -1
8, 205, 0.423817
8, 206, 0.59336
8, 207, -1
8, 208, -1
8, 209, 0.504152
8, 210, 0.606795
8, 211, -1
8, 212, -1
8, 213, 0.414863
8, 214, -1
8, 215, -1
8, 216, 0.825472
8, 217, -1
8, 218, 0.94146
8, 219, 0.821016
8, 220, 0.887956
8, 221, -1
8, 222, -1
8, 223, 0.950438
8, 224, -1
8, 225, -1
8, 226, -1
8, 227, -1
8, 228, -1
8, 229, -1
8, 230, -1
8, 231, -1
8, 232, -1
8, 233, 0.410428
8, 234, 0.633574
8, 235, 0.182814
8, 236, -1
8, 237, -1
8, 238, -1
8, 239, -1
8, 240, 0.954942
8, 241, 0.566643
8, 242, 0.401514
8, 243, -0.0314161
8, 244, -1
8, 245, -1
8, 246, 0.200718
8, 247, 0.37032
8, 248, -1
8, 249, -1
8, 250, -1
8, 251, -1
8, 252, -1
8, 253, -1
8, 254, 0.937125
8, 255, 0.968367
8, 256, -1
8, 257, -1
8, 258, -1
8, 259, -1
8, 260, 0.93714
8, 261, 0.526549
8, 262, -1
8, 263, -1
8, 264, 0.223014
8, 265, -1
8, 266, -1
8, 267, 0.477464
8, 268, 0.173921
8, 269, -1
8, 270, 0.316791
8, 271, 0.714016
8, 272, 0.830057
8, 273, -1
8, 274, 0.490824
8, 275, 0.459582
8, 276, 0.678281
8, 277, 0.86131
8, 278, -1
8, 279, 0.946112
8, 280, 0.914873
8, 281, -1
8, 282, -1
8, 283, 0.910417
8, 284, -1
8, 285, 0.080205
8, 286, 0.504272
8, 287, -1
8, 288, -1
8, 289, 0.352482
8, 290, -1
8, 291, -1
8, 292, 0.392657
8, 293, -1
8, 294, 0.3927
8, 295, 0.937224
8, 296, -1
8, 297, 0.968471
8, 298, 0.825651
8, 299, 0.214125
8, 300, -1
8, 301, 0.968481
8, 302, 0.419451
8, 303, 0.629234
8, 304, 0.968489
8, 305, 0.531042
8, 306, -1
8, 307, -1
8, 308, -0.138497
8, 309, -1
8, 310, 0.687312
8, 311, -1
8, 312, -1
8, 313, 0.455216
8, 314, 0.93727
8, 315, -1
8, 316, -1
8, 317, 0.879253
8, 318, -0.250087
8, 319, 0.535529
8, 320, -1
8, 321, 0.517677
8, 322, 0.102557
8, 323, 0.557853
8, 324, 0.999783
8, 325, -1
8, 326, 0.209691
8, 327, -1
8, 328, 0.651637
8, 329, 0.72752
8, 330, -1
8, 331, 0.548979
8, 332, -1
8, 333, 0.303478
8, 334, 0.343613
8, 335, 0.91054
8, 336, -9.85015e-05
8, 337, -1
8, 338, 0.830202
8, 339, 0.281126
8, 340, -1
8, 341, 0.749822
8, 342, 0.267738
8, 343, -1
8, 344, -1
8, 345, 0.272206
8, 346, -1
8, 347, 0.245425
8, 348, 0.406165
8, 349, -1
8, 350, 0.245469
8, 351, 0.602578
8, 352, 0.535622
8, 353, -1
8, 354, 0.883802
8, 355, -1
8, 356, 0.464166
8, 357, 0.82578
8, 358, 0.848101
8, 359, -0.200961
8, 360, 0.325791
8, 361, -1
8, 362, -1
8, 363, 0.91507
8, 364, 0.790084
8, 365, -1
8, 366, -1
8, 367, 0.656173
8, 368, -1
8, 369, 0.620465
8, 370, -1
8, 371, -1
8, 372, -1
8, 373, 0.999908
8, 374, -1
8, 375, -0.330412
8, 376, 0.620477
8, 377, -1
8, 378, -1
8, 379, -0.0938108
8, 380, -1
8, 381, -0.160772
8, 382, -0.178628
8, 383, 0.709771
8, 384, -0.196483
8, 385, 0.602597
8, 386, -1
8, 387, 0.424036
8, 388, -1
8, 389, -1
8, 390, 0.741033
8, 391, 0.535645
8, 392, -1
8, 393, 0.718678
8, 394, -1
8, 395, 0.745508
8, 396, 0.758902
8, 397, -1
8, 398, 0.999972
8, 399, 0.968725
9, 0, 0.887446
9, 1, 0.704526
9, 2, 0.967736
9, 3, 0.936516
9, 4, -1
9, 5, 0.74472
9, 6, 0.401227
9, 7, 0.499375
9, 8, 0.695658
9, 9, -1
9, 10, 0.651054
9, 11, -1
9, 12, -1
9, 13, -1
9, 14, 0.31643
9, 15, -1
9, 16, 0.427968
9, 17, 0.874103
9, 18, 0.740285
9, 19, 0.142431
9, 20, 0.222744
9, 21, -1
9, 22, -1
9, 23, 0.967788
9, 24, 0.847355
9, 25, 0.825054
9, 26, -1
9, 27, -1
9, 28, -1
9, 29, -1
9, 30, -1
9, 31, -0.0137288
9, 32, 0.231681
9, 33, 0.276339
9, 34, -1
9, 35, -1
9, 36, 0.816116
9, 37, 0.780472
9, 38, -1
9, 39, -1
9, 40, -1
9, 41, -1
9, 42, -1
9, 43, 0.628808
9, 44, 0.530662
9, 45, 0.570815
9, 46, -1
9, 47, -1
9, 48, -1
9, 49, 0.544054
9, 50, 0.182619
9, 51, 0.267397
9, 52, 0.419137
9, 53, -1
9, 54, -1
9, 55, 0.825119
9, 56, -1
9, 57, 0.905421
9, 58, 0.972336
9, 59, 0.999103
9, 60, -1
9, 61, 0.865241
9, 62, -1
9, 63, 0.44142
9, 64, -1
9, 65, -0.192202
9, 66, 0.115745
9, 67, -1
9, 68, -1
9, 69, 0.52624
9, 70, 0.588703
9, 71, 0.691317
9, 72, 0.535128
9, 73, -1
9, 74, 0.94561
9, 75, 0.834045
9, 76, 0.967919
9, 77, 0.999149
9, 78, 0.972385
9, 79, 0.999154
9, 80, -1
9, 81, 0.668989
9, 82, -1
9, 83, 0.575341
9, 84, 0.606574
9, 85, -1
9, 86, -1
9, 87, -0.0940109
9, 88, -1
9, 89, 0.664583
9, 90, 0.918882
9, 91, 0.914423
9, 92, 0.914425
9, 93, 0.967962
9, 94, 0.967964
9, 95, 0.967967
9, 96, 0.914435
9, 97, 0.9992
9, 98, 0.999202
9, 99, 0.999205
9, 100, 0.182672
9, 101, 0.169286
9, 102, 0.13805
9, 103, 0.61553
9, 104, -1
9, 105, -1
9, 106, -1
9, 107, 0.936767
9, 108, -1
9, 109, -1
9, 110, -1
9, 111, -1
9, 112, -1
9, 113, 0.999241
9, 114, 0.999243
9, 115, -1
9, 116, -1
9, 117, -1
9, 118, 0.499547
9, 119, -1
9, 120, 0.999259
9, 121, -1
9, 122, 0.321027
9, 123, -1
9, 124, 0.637877
9, 125, -1
9, 126, -1
9, 127, -1
9, 128, 0.936818
9, 129, 0.999282
9, 130, -1
9, 131, 0.999287
9, 132, -1
9, 133, -1
9, 134, -1
9, 135, -0.196585
9, 136, -1
9, 137, -1
9, 138, -1
9, 139, -1
9, 140, 0.896652
9, 141, -1
9, 142, -1
9, 143, -1
9, 144, -1
9, 145, 0.968091
9, 146, 0.968093
9, 147, -1
9, 148, 0.838708
9, 149, 0.664654
9, 150, -1
9, 151, -0.0626865
9, 152, -1
9, 153, -1
9, 154, -1
9, 155, -1
9, 156, -0.308192
9, 157, -1
9, 158, -1
9, 159, -1
9, 160, 0.811962
9, 161, -1
9, 162, -1
9, 163, 0.575435
9, 164, 0.602211
9, 165, 0.972603
9, 166, -1
9, 167, 0.771819
9, 168, -1
9, 169, 0.535285
9, 170, 0.379101
9, 171, 0.245224
9, 172, -1
9, 173, -1
9, 174, -1
9, 175, -1
9, 176, -1
9, 177, -1
9, 178, 0.294362
9, 179, -1
9, 180, 0.999412
9, 181, 0.490679
9, 182, -0.116262
9, 183, -1
9, 184, -1
9, 185, 0.767394
9, 186, 0.999427
9, 187, 0.919112
9, 188, -1
9, 189, 0.865571
9, 190, -1
9, 191, 0.490735
9, 192, 0.490736
9, 193, -1
9, 194, -1
9, 195, -1
9, 196, -0.205477
9, 197, -0.259076
9, 198, 0.267609
9, 199, -1
9, 200, 0.968228
9, 201, -1
9, 202, 0.718342
9, 203, 0.861141
9, 204, 0.937002
9, 205, -1
9, 206, -1
9, 207, -1
9, 208, -1
9, 209, 0.861154
9, 210, 0.678195
9, 211, 0.0176941
9, 212, -1
9, 213, -1
9, 214, 0.620188
9, 215, -1
9, 216, 0.115887
9, 217, -1
9, 218, -1
9, 219, -1
9, 220, 0.441648
9, 221, -1
9, 222, -1
9, 223, -0.107308
9, 224, -1
9, 225, -1
9, 226, 0.999529
9, 227, -1
9, 228, 0.999535
9, 229, -1
9, 230, -1
9, 231, -1
9, 232, -1
9, 233, -1
9, 234, -1
9, 235, 0.914764
9, 236, -1
9, 237, -1
9, 238, -1
9, 239, -1
9, 240, -1
9, 241, -1
9, 242, -0.0224909
9, 243, -1
9, 244, 0.517554
9, 245, -1
9, 246, 0.624708
9, 247, -1
9, 248, -1
9, 249, -1
9, 250, -1
9, 251, -1
9, 252, 0.638108
9, 253, -1
9, 254, 0.580092
9, 255, -1
9, 256, -1
9, 257, -1
9, 258, -1
9, 259, -1
9, 260, -1
9, 261, -1
9, 262, 0.57118
9, 263, -1
9, 264, -1
9, 265, 0.838966
9, 266, -1
9, 267, 0.995171
9, 268, -1
9, 269, 0.977325
9, 270, 0.999642
9, 271, 0.705088
9, 272, 0.473007
9, 273, -1
9, 274, -1
9, 275, -1
9, 276, -1
9, 277, 0.812214
9, 278, -1
9, 279, -1
9, 280, 0.392639
9, 281, 0.99967
9, 282, 0.990747
9, 283, -1
9, 284, -1
9, 285, -1
9, 286, -1
9, 287, -1
9, 288, -1
9, 289, 0.999691
9, 290, -1
9, 291, 0.941675
9, 292, 0.807783
9, 293, 0.999701
9, 294, 0.0177621
9, 295, 0.160558
9, 296, 0.830067
9, 297, -1
9, 298, 0.441761
9, 299, -1
9, 300, 0.941697
9, 301, 0.714073
9, 302, -1
9, 303, 0.999726
9, 304, 0.999729
9, 305, -1
9, 306, 0.432846
9, 307, 0.968494
9, 308, 0.647095
9, 309, -1
9, 310, 0.968501
9, 311, 0.843531
9, 312, 0.874776
9, 313, -1
9, 314, 0.174008
9, 315, -1
9, 316, -1
9, 317, 0.865861
9, 318, 0.473035
9, 319, 0.575699
9, 320, -1
9, 321, -1
9, 322, 0.999775
9, 323, -1
9, 324, -1
9, 325, -1
9, 326, 0.999785
9, 327, -1
9, 328, -1
9, 329, 0.7052
9, 330, 0.906062
9, 331, 0.968554
9, 332, -1
9, 333, 0.468594
9, 334, -1
9, 335, -0.218791
9, 336, 0.200773
9, 337, -1
9, 338, 0.218631
9, 339, 0.883765
9, 340, -1
9, 341, 0.0177603
9, 342, 0.803426
9, 343, 0.852529
9, 344, 0.88824
9, 345, -1
9, 346, -1
9, 347, -1
9, 348, -1
9, 349, 0.798978
9, 350, 0.365952
9, 351, -1
9, 352, -1
9, 353, -1
9, 354, -1
9, 355, -1
9, 356, 0.540091
9, 357, 0.49095
9, 358, 0.598084
9, 359, -1
9, 360, -1
9, 361, -1
9, 362, 0.499925
9, 363, 0.285618
9, 364, -1
9, 365, -1
9, 366, -1
9, 367, 0.38383
9, 368, -1
9, 369, -1
9, 370, 0.187418
9, 371, -1
9, 372, 0.937408
9, 373, 0.999905
9, 374, 0.0802844
9, 375, 0.0579649
9, 376, 0.656187
9, 377, -0.0491718
9, 378, -1
9, 379, -1
9, 380, 0.999923
9, 381, 0.66062
9, 382, -1
9, 383, -1
9, 384, 0.156184
9, 385, 0.919583
9, 386, 0.0535103
9, 387, -1
9, 388, -1
9, 389, 0.178509
9, 390, -1
9, 391, -1
9, 392, -1
9, 393, -1
9, 394, -0.00451728
9, 395, -0.107193
9, 396, -1
9, 397, 0.732077
9, 398, -1
9, 399, 0.406194
10, 0, -1
10, 1, -1
10, 2, -0.28595
10, 3, 0.972196
10, 4, 0.807164
10, 5, 0.601973
10, 6, -1
10, 7, 0.856236
10, 8, 0.87408
10, 9, 0.584096
10, 10, 0.213808
10, 11, 0.619827
10, 12, 0.726889
10, 13, -1
10, 14, 0.941001
10, 15, -1
10, 16, -1
10, 17, 0.874101
10, 18, -1
10, 19, -1
10, 20, -1
10, 21, 0.280745
10, 22, -1
10, 23, -1
10, 24, 0.543971
10, 25, 0.575241
10, 26, 0.686728
10, 27, 0.941032
10, 28, -1
10, 29, -1
10, 30, -1
10, 31, 0.999029
10, 32, -1
10, 33, -1
10, 34, 0.356649
10, 35, -0.00926423
10, 36, -1
10, 37, -0.0761964
10, 38, -1
10, 39, 0.606493
10, 40, 0.75371
10, 41, -1
10, 42, -1
10, 43, -0.187753
10, 44, -1
10, 45, -1
10, 46, 0.646616
10, 47, -1
10, 48, 0.999072
10, 49, 0.999075
10, 50, -1
10, 51, 0.99908
10, 52, 0.999082
10, 53, -1
10, 54, 0.744817
10, 55, -0.272536
10, 56, 0.146969
10, 57, -1
10, 58, -1
10, 59, 0.347718
10, 60, 0.597567
10, 61, -1
10, 62, 0.593109
10, 63, 0.503921
10, 64, -1
10, 65, 0.740378
10, 66, 0.352189
10, 67, 0.999121
10, 68, 0.204948
10, 69, 0.83403
10, 70, 0.744809
10, 71, -1
10, 72, 0.320963
10, 73, 0.865306
10, 74, -1
10, 75, 0.432553
10, 76, -1
10, 77, 0.793937
10, 78, 0.892044
10, 79, -1
10, 80, -1
10, 81, 0.521756
10, 82, -1
10, 83, -1
10, 84, 0.120183
10, 85, 0.785031
10, 86, 0.0354405
10, 87, -1
10, 88, 0.526269
10, 89, 0.588734
10, 90, 0.298676
10, 91, 0.356683
10, 92, 0.847464
10, 93, 0.999187
10, 94, -1
10, 95, 0.874279
10, 96, 0.8029
10, 97, -1
10, 98, -1
10, 99, 0.566443
10, 100, -1
10, 101, -1
10, 102, -1
10, 103, 0.307616
10, 104, 0.151438
10, 105, -1
10, 106, 0.959069
10, 107, 0.811806
10, 108, 0.753849
10, 109, 0.4281
10, 110, -0.0225529
10, 111, -1
10, 112, 0.999236
10, 113, 0.999238
10, 114, -1
10, 115, -1
10, 116, 0.976939
10, 117, 0.927866
10, 118, -1
10, 119, -1
10, 120, 0.401343
10, 121, 0.918953
10, 122, -1
10, 123, 0.45047
10, 124, 0.91896
10, 125, -1
10, 126, 0.968041
10, 127, -1
10, 128, -1
10, 129, -1
10, 130, -0.143033
10, 131, -1
10, 132, -1
10, 133, 0.999289
10, 134, 0.927907
10, 135, 0.794059
10, 136, 0.999297
10, 137, 0.883298
10, 138, -1
10, 139, 0.999305
10, 140, 0.695909
10, 141, 0.829766
10, 142, -1
10, 143, 0.437113
10, 144, 0.441536
10, 145, -1
10, 146, 0.968091
10, 147, 0.767313
10, 148, -1
10, 149, -1
10, 150, -1
10, 151, -1
10, 152, -1
10, 153, -1
10, 154, -1
10, 155, 0.847645
10, 156, -1
10, 157, 0.985965
10, 158, 0.968121
10, 159, 0.999356
10, 160, 0.731644
10, 161, -1
10, 162, 0.664676
10, 163, 0.236329
10, 164, -1
10, 165, -1
10, 166, -1
10, 167, -1
10, 168, -1
10, 169, -1
10, 170, -1
10, 171, -1
10, 172, -1
10, 173, -1
10, 174, 0.361295
10, 175, -1
10, 176, -1
10, 177, 0.892314
10, 178, 0.936937
10, 179, -1
10, 180, -1
10, 181, 0.977102
10, 182, 0.999414
10, 183, 0.486259
10, 184, 0.762927
10, 185, 0.852173
10, 186, -1
10, 187, -1
10, 188, -1
10, 189, -1
10, 190, -1
10, 191, -1
10, 192, -1
10, 193, -1
10, 194, -1
10, 195, 0.035492
10, 196, 0.205085
10, 197, 0.820964
10, 198, -1
10, 199, 0.892365
10, 200, -1
10, 201, -1
10, 202, -1
10, 203, 0.562154
10, 204, -1
10, 205, 0.861143
10, 206, 0.120299
10, 207, -1
10, 208, -1
10, 209, -1
10, 210, -1
10, 211, -1
10, 212, -1
10, 213, -1
10, 214, -1
10, 215, -1
10, 216, 0.321184
10, 217, 0.968268
10, 218, 0.687133
10, 219, -1
10, 220, 0.945923
10, 221, 0.937
10, 222, 0.959355
10, 223, -1
10, 224, 0.950435
10, 225, 0.981675
10, 226, 0.9504
10, 227, 0.472937
10, 228, -1
10, 229, -1
10, 230, 0.182847
10, 231, -1
10, 232, -1
10, 233, -1
10, 234, -1
10, 235, -1
10, 236, 0.669276
10, 237, -1
10, 238, -1
10, 239, 0.870145
10, 240, -1
10, 241, -1
10, 242, 0.96833
10, 243, 0.928169
10, 244, -1
10, 245, -1
10, 246, -1
10, 247, -1
10, 248, -1
10, 249, -1
10, 250, -1
10, 251, -1
10, 252, -1
10, 253, -1
10, 254, -1
10, 255, -1
10, 256, 0.968365
10, 257, 0.954979
10, 258, -1
10, 259, 0.830025
10, 260, -1
10, 261, 0.999616
10, 262, 0.968379
10, 263, -1
10, 264, 0.82111
10, 265, -1
10, 266, -1
10, 267, 0.56226
10, 268, -1
10, 269, -1
10, 270, -1
10, 271, -1
10, 272, -1
10, 273, -1
10, 274, -0.156334
10, 275, -1
10, 276, -1
10, 277, 0.92825
10, 278, 0.69171
10, 279, 0.736344
10, 280, -0.00907181
10, 281, 0.879166
10, 282, 0.919336
10, 283, 0.856856
10, 284, 0.852395
10, 285, 0.999678
10, 286, -1
10, 287, 0.999683
10, 288, -1
10, 289, -1
10, 290, -1
10, 291, -1
10, 292, -1
10, 293, 0.173985
10, 294, 0.754186
10, 295, -1
10, 296, 0.968464
10, 297, 0.852424
10, 298, 0.861352
10, 299, 0.0490108
10, 300, 0.803335
10, 301, -1
10, 302, 0.897067
10, 303, -1
10, 304, -1
10, 305, 0.888148
10, 306, -1
10, 307, -1
10, 308, -1
10, 309, 0.874767
10, 310, 0.414996
10, 311, -1
10, 312, -1
10, 313, -1
10, 314, -1
10, 315, 0.999754
10, 316, 0.999757
10, 317, -1
10, 318, 0.450756
10, 319, 0.508784
10, 320, -1
10, 321, 0.540032
10, 322, -1
10, 323, -1
10, 324, 0.901582
10, 325, -1
10, 326, -1
10, 327, -1
10, 328, 0.999788
10, 329, -1
10, 330, 0.999793
10, 331, -1
10, 332, -1
10, 333, 0.999801
10, 334, -1
10, 335, -1
10, 336, 0.758735
10, 337, -1
10, 338, -1
10, 339, -1
10, 340, 0.566846
10, 341, 0.446286
10, 342, 0.281127
10, 343, -1
10, 344, -1
10, 345, 0.437364
10, 346, 0.915025
10, 347, 0.950736
10, 348, 0.999839
10, 349, -1
10, 350, 0.94628
10, 351, 0.937355
10, 352, -1
10, 353, -1
10, 354, 0.999854
10, 355, -1
10, 356, -1
10, 357, 0.638295
10, 358, -0.120611
10, 359, -1
10, 360, -1
10, 361, -1
10, 362, -1
10, 363, -1
10, 364, 0.473144
10, 365, -1
10, 366, 0.343652
10, 367, -1
10, 368, 0.455253
10, 369, 0.883792
10, 370, 0.330265
10, 371, 0.37941
10, 372, 0.334731
10, 373, 0.441909
10, 374, 0.35263
10, 375, 0.794567
10, 376, -1
10, 377, -1
10, 378, 0.620437
10, 379, 0.700791
10, 380, 0.116002
10, 381, 0.812435
10, 382, -1
10, 383, 0.0535069
10, 384, 0.321395
10, 385, 0.241042
10, 386, 0.526705
10, 387, -1
10, 388, -1.83286e-05
10, 389, 0.133907
10, 390, 0.999946
10, 391, 0.799024
10, 392, -1
10, 393, -0.0357278
10, 394, 0.0401641
10, 395, 0.187483
10, 396, -1
10, 397, 0.732115
10, 398, -1
10, 399, -1
11, 0, -1
11, 1, -1
11, 2, 0.976651
11, 3, 0.289646
11, 4, -1
11, 5, -1
11, 6, -1
11, 7, -1
11, 8, 0.20042
11, 9, -0.0672925
11, 10, -0.201119
11, 11, -1
11, 12, -1
11, 13, 0.927615
11, 14, -1
11, 15, -1
11, 16, 0.423504
11, 17, 0.709054
11, 18, -1
11, 19, 0.762587
11, 20, 0.311974
11, 21, 0.686717
11, 22, -1
11, 23, 0.303054
11, 24, -1
11, 25, 0.378903
11, 26, -1
11, 27, -1
11, 28, -1
11, 29, -0.165409
11, 30, -1
11, 31, -1
11, 32, -1
11, 33, 0.941044
11, 34, 0.744774
11, 35, 0.793846
11, 36, 0.544029
11, 37, 0.753702
11, 38, -1
11, 39, 0.503842
11, 40, -1
11, 41, 0.316462
11, 42, 0.361079
11, 43, -1
11, 44, -1
11, 45, -0.0270658
11, 46, 0.445895
11, 47, -1
11, 48, -1
11, 49, -1
11, 50, -1
11, 51, -1
11, 52, -1
11, 53, 0.55298
11, 54, -1
11, 55, 0.691243
11, 56, -1
11, 57, -1
11, 58, 0.633252
11, 59, -1
11, 60, 0.664525
11, 61, -1
11, 62, -1
11, 63, 0.749294
11, 64, 0.436998
11, 65, 0.0666174
11, 66, -1
11, 67, -1
11, 68, -1
11, 69, -1
11, 70, -1
11, 71, -1
11, 72, 0.664547
11, 73, -1
11, 74, 0.96791
11, 75, 0.923262
11, 76, 0.686862
11, 77, -1
11, 78, 0.767169
11, 79, 0.138026
11, 80, 0.972385
11, 81, -1
11, 82, 0.727026
11, 83, -1
11, 84, -0.294837
11, 85, -1
11, 86, -1
11, 87, -1
11, 88, -1
11, 89, -1
11, 90, -1
11, 91, 0.807348
11, 92, 0.860886
11, 93, 0.936729
11, 94, -1
11, 95, -1
11, 96, 0.36115
11, 97, 0.499471
11, 98, 0.405773
11, 99, 0.365616
11, 100, 0.713677
11, 101, -1
11, 102, 0.856447
11, 103, -1
11, 104, -1
11, 105, -1
11, 106, -0.0448697
11, 107, -1
11, 108, -1
11, 109, -1
11, 110, -1
11, 111, 0.883236
11, 112, -1
11, 113, -1
11, 114, 0.968009
11, 115, 0.744897
11, 116, -1
11, 117, -1
11, 118, -1
11, 119, -1
11, 120, 0.802908
11, 121, -1
11, 122, 0.918953
11, 123, -1
11, 124, -1
11, 125, 0.419237
11, 126, -1
11, 127, -1
11, 128, -1
11, 129, -1
11, 130, -1
11, 131, -1
11, 132, 0.892207
11, 133, 0.923441
11, 134, 0.999289
11, 135, -1
11, 136, 0.437061
11, 137, -1
11, 138, -1
11, 139, 0.794066
11, 140, -1
11, 141, -1
11, 142, 0.914539
11, 143, -1
11, 144, 0.178253
11, 145, -1
11, 146, -0.205506
11, 147, -1
11, 148, -1
11, 149, 0.682498
11, 150, -1
11, 151, 0.736086
11, 152, 0.936871
11, 153, -1
11, 154, -1
11, 155, 0.762866
11, 156, -1
11, 157, -1
11, 158, -1
11, 159, -1
11, 160, 0.6022
11, 161, -1
11, 162, 0.450486
11, 163, -0.102886
11, 164, 0.651332
11, 165, -0.0403631
11, 166, -1
11, 167, -1
11, 168, 0.571019
11, 169, -1
11, 170, 0.562097
11, 171, -1
11, 172, -1
11, 173, -1
11, 174, -1
11, 175, -1
11, 176, -1
11, 177, 0.776297
11, 178, 0.486249
11, 179, -1
11, 180, -1
11, 181, -1
11, 182, -1
11, 183, 0.820932
11, 184, 0.38362
11, 185, -1
11, 186, -1
11, 187, -1
11, 188, -1
11, 189, 0.767398
11, 190, 0.593368
11, 191, 0.861109
11, 192, 0.968203
11, 193, -1
11, 194, 0.173842
11, 195, -1
11, 196, 0.638003
11, 197, 0.0399559
11, 198, 0.530866
11, 199, -1
11, 200, 0.312197
11, 201, -1
11, 202, 0.718338
11, 203, 0.325589
11, 204, 0.414886
11, 205, -1
11, 206, -1
11, 207, 0.151581
11, 208, -1
11, 209, 0.758514
11, 210, 0.879001
11, 211, -1
11, 212, -1
11, 213, 0.124768
11, 214, -0.223321
11, 215, -0.299199
11, 216, -0.174264
11, 217, -1
11, 218, -1
11, 219, -1
11, 220, 0.468462
11, 221, 0.646973
11, 222, 0.575572
11, 223, -0.116236
11, 224, -0.263487
11, 225, -1
11, 226, -1
11, 227, -1
11, 228, 0.727274
11, 229, -1
11, 230, 0.821034
11, 231, 0.937062
11, 232, 0.847814
11, 233, -1
11, 234, -1
11, 235, 0.874596
11, 236, -1
11, 237, 0.557746
11, 238, -0.0582022
11, 239, -1
11, 240, 0.785354
11, 241, -1
11, 242, -0.053736
11, 243, 0.214102
11, 244, 0.370271
11, 245, -1
11, 246, 0.205178
11, 247, 0.722889
11, 248, 0.972805
11, 249, 0.905867
11, 250, 0.82554
11, 251, -1
11, 252, -1
11, 253, -1
11, 254, -1
11, 255, -1
11, 256, -1
11, 257, -1
11, 258, -1
11, 259, 0.593446
11, 260, 0.709526
11, 261, 0.700602
11, 262, -1
11, 263, 0.303389
11, 264, 0.30339
11, 265, -1
11, 266, 0.539941
11, 267, 0.772021
11, 268, 0.95054
11, 269, -1
11, 270, 0.910379
11, 271, -1
11, 272, -1
11, 273, -1
11, 274, -1
11, 275, -1
11, 276, -1
11, 277, 0.249805
11, 278, -1
11, 279, -1
11, 280, 0.73188
11, 281, 0.539966
11, 282, -1
11, 283, -1
11, 284, -1
11, 285, 0.879173
11, 286, -1
11, 287, 0.99968
11, 288, 0.9372
11, 289, 0.86133
11, 290, 0.736323
11, 291, -1
11, 292, -0.0179501
11, 293, -0.192032
11, 294, -1
11, 295, 0.0177209
11, 296, -1
11, 297, 0.495358
11, 298, -1
11, 299, 0.883628
11, 300, 0.874744
11, 301, -1
11, 302, 0.571203
11, 303, -1
11, 304, -1
11, 305, 0.843513
11, 306, 0.999729
11, 307, -1
11, 308, 0.856909
11, 309, -1
11, 310, -1
11, 311, -1
11, 312, -1
11, 313, -1
11, 314, -0.0893532
11, 315, -0.0804249
11, 316, 0.339163
11, 317, 0.397191
11, 318, 0.593588
11, 319, 0.865861
11, 320, 0.990838
11, 321, 0.285565
11, 322, -1
11, 323, 0.477544
11, 324, 0.660552
11, 325, -1
11, 326, -1
11, 327, 0.937294
11, 328, -1
11, 329, -1
11, 330, -1
11, 331, -1
11, 332, 0.209735
11, 333, -0.0491653
11, 334, -1
11, 335, 0.423998
11, 336, -1
11, 337, -1
11, 338, 0.825691
11, 339, 0.642725
11, 340, 0.575771
11, 341, -1
11, 342, 0.370402
11, 343, 0.531139
11, 344, -0.0581254
11, 345, -1
11, 346, -1
11, 347, 0.58467
11, 348, 0.696306
11, 349, -1
11, 350, -1
11, 351, -1
11, 352, -1
11, 353, -1
11, 354, -1
11, 355, -0.102717
11, 356, -1
11, 357, 0.580264
11, 358, -1
11, 359, -1
11, 360, 0.906087
11, 361, -1
11, 362, 0.830248
11, 363, 0.066921
11, 364, 0.714192
11, 365, 0.937346
11, 366, 0.571351
11, 367, 0.70527
11, 368, 0.482076
11, 369, -1
11, 370, -1
11, 371, -1
11, 372, 0.35709
11, 373, -0.0759203
11, 374, 0.00889786
11, 375, 0.441911
11, 376, 0.544544
11, 377, 0.848136
11, 378, -1
11, 379, -1
11, 380, 0.258851
11, 381, 0.22314
11, 382, 0.843684
11, 383, 0.147252
11, 384, -0.0938095
11, 385, -1
11, 386, 0.656202
11, 387, -1
11, 388, 0.973154
11, 389, 0.575854
11, 390, -1
11, 391, -1
11, 392, 0.169622
11, 393, -1
11, 394, -1
11, 395, 0.276725
11, 396, 0.0445889
11, 397, -0.250048
11, 398, 0.937466
11, 399, -1
12, 0, 0.998944
12, 1, -1
12, 2, -1
12, 3, -1
12, 4, 0.423526
12, 5, 0.0309087
12, 6, -0.00478626
12, 7, -1
12, 8, -1
12, 9, -1
12, 10, 0.0531822
12, 11, 0.887464
12, 12, -1
12, 13, -1
12, 14, -1
12, 15, 0.423501
12, 16, -1
12, 17, -1
12, 18, 0.0175335
12, 19, 0.0933878
12, 20, 0.918708
12, 21, -1
12, 22, 0.802738
12, 23, -0.201153
12, 24, -1
12, 25, -1
12, 26, 0.789324
12, 27, -1
12, 28, 0.651041
12, 29, 0.896427
12, 30, 0.999021
12, 31, -1
12, 32, 0.999026
12, 33, 0.6957
12, 34, -1
12, 35, -1
12, 36, -1
12, 37, 0.0710539
12, 38, -1
12, 39, 0.0130482
12, 40, -0.187756
12, 41, 0.543996
12, 42, -1
12, 43, -0.0851183
12, 44, -0.294856
12, 45, -1
12, 46, -1
12, 47, 0.722493
12, 48, -1
12, 49, 0.709114
12, 50, -1
12, 51, 0.96785
12, 52, 0.918784
12, 53, 0.758194
12, 54, 0.909867
12, 55, 0.923252
12, 56, -1
12, 57, -1
12, 58, 0.923259
12, 59, -1
12, 60, -1
12, 61, -1
12, 62, -1
12, 63, 0.329913
12, 64, 0.13801
12, 65, -1
12, 66, 0.780526
12, 67, 0.682381
12, 68, 0.758224
12, 69, -1
12, 70, -1
12, 71, 0.950056
12, 72, 0.847415
12, 73, 0.807308
12, 74, -1
12, 75, 0.900995
12, 76, 0.932224
12, 77, -1
12, 78, -1
12, 79, -1
12, 80, 0.749326
12, 81, -1
12, 82, 0.178188
12, 83, -1
12, 84, -1
12, 85, -1
12, 86, 0.807335
12, 87, -1
12, 88, -1
12, 89, -1
12, 90, -1
12, 91, 0.936722
12, 92, 0.905496
12, 93, 0.789505
12, 94, -1
12, 95, -1
12, 96, -1
12, 97, 0.936736
12, 98, 0.615516
12, 99, 0.909974
12, 100, 0.503976
12, 101, 0.2853
12, 102, 0.677946
12, 103, 0.686911
12, 104, -1
12, 105, 0.120201
12, 106, 0.789532
12, 107, 0.686919
12, 108, 0.905533
12, 109, 0.767231
12, 110, 0.829694
12, 111, -1
12, 112, 0.713698
12, 113, 0.936775
12, 114, 0.905548
12, 115, 0.914473
12, 116, -1
12, 117, -1
12, 118, 0.847558
12, 119, -1
12, 120, -1
12, 121, 0.905564
12, 122, -1
12, 123, -1
12, 124, -1
12, 125, -1
12, 126, -1
12, 127, -1
12, 128, 0.472785
12, 129, 0.686961
12, 130, 0.9502
12, 131, -1
12, 132, -1
12, 133, 0.9279
12, 134, 0.89221
12, 135, 0.968059
12, 136, -1
12, 137, 0.936833
12, 138, -1
12, 139, 0.811911
12, 140, -1
12, 141, 0.72714
12, 142, 0.936845
12, 143, -1
12, 144, 0.575439
12, 145, 0.55313
12, 146, 0.936854
12, 147, 0.968089
12, 148, 0.593294
12, 149, -1
12, 150, 0.477281
12, 151, 0.343412
12, 152, -1
12, 153, -1
12, 154, -1
12, 155, -1
12, 156, -1
12, 157, -1
12, 158, 0.825337
12, 159, 0.999351
12, 160, -0.120741
12, 161, -1
12, 162, -1
12, 163, 0.861003
12, 164, 0.495151
12, 165, -1
12, 166, -1
12, 167, 0.861053
12, 168, 0.767353
12, 169, 0.53532
12, 170, -1
12, 171, -1
12, 172, -1
12, 173, -1
12, 174, 0.838758
12, 175, 0.878919
12, 176, 0.954775
12, 177, -1
12, 178, 0.794146
12, 179, -1
12, 180, 0.620123
12, 181, -1
12, 182, 0.999409
12, 183, 0.847702
12, 184, -1
12, 185, 0.829858
12, 186, -1
12, 187, -1
12, 188, 0.472835
12, 189, -1
12, 190, -1
12, 191, -1
12, 192, -1
12, 193, -1
12, 194, -1
12, 195, -1
12, 196, 0.90574
12, 197, -1
12, 198, 0.919131
12, 199, -1
12, 200, 0.10244
12, 201, 0.999458
12, 202, -1
12, 203, 0.397032
12, 204, 0.70049
12, 205, 0.870063
12, 206, -1
12, 207, -1
12, 208, -1
12, 209, -1
12, 210, -1
12, 211, -1
12, 212, -1
12, 213, -1
12, 214, -1
12, 215, 0.834386
12, 216, 0.937024
12, 217, -1
12, 218, 0.937029
12, 219, 0.910257
12, 220, 0.316683
12, 221, 0.999509
12, 222, -1
12, 223, 0.414911
12, 224, 0.486318
12, 225, -1
12, 226, 0.999522
12, 227, -1
12, 228, -1
12, 229, -1
12, 230, -1
12, 231, -1
12, 232, -1
12, 233, -1
12, 234, -1
12, 235, -1
12, 236, -1
12, 237, 0.901374
12, 238, 0.937077
12, 239, 0.861215
12, 240, -1
12, 241, 0.941547
12, 242, -1
12, 243, 0.553291
12, 244, -1
12, 245, -1
12, 246, 0.999573
12, 247, -1
12, 248, -1
12, 249, -1
12, 250, -1
12, 251, -1
12, 252, -1
12, 253, -0.214374
12, 254, 0.602402
12, 255, -1
12, 256, 0.745219
12, 257, -1
12, 258, -1
12, 259, -1
12, 260, -1
12, 261, 0.946058
12, 262, 0.794324
12, 263, 0.928212
12, 264, 0.93714
12, 265, 0.937142
12, 266, -1
12, 267, -1
12, 268, -1
12, 269, -1
12, 270, -1
12, 271, -1
12, 272, -1
12, 273, -1
12, 274, 0.794349
12, 275, -1
12, 276, 0.68724
12, 277, -1
12, 278, 0.888081
12, 279, 0.767581
12, 280, 0.99966
12, 281, -1
12, 282, 0.754198
12, 283, -1
12, 284, 0.968429
12, 285, 0.968432
12, 286, -1
12, 287, -1
12, 288, -1
12, 289, -1
12, 290, -1
12, 291, -1
12, 292, 0.606932
12, 293, 0.624786
12, 294, 0.606935
12, 295, 0.825636
12, 296, -1
12, 297, 0.861346
12, 298, -1
12, 299, -1
12, 300, 0.892595
12, 301, 0.968471
12, 302, 0.834537
12, 303, 0.986329
12, 304, -1
12, 305, 0.968481
12, 306, 0.968484
12, 307, -1
12, 308, 0.90154
12, 309, -1
12, 310, 0.348081
12, 311, -1
12, 312, -1
12, 313, 0.272204
12, 314, -0.0447163
12, 315, 0.602508
12, 316, -1
12, 317, 0.865854
12, 318, -1
12, 319, 0.553417
12, 320, -1
12, 321, 0.620332
12, 322, 0.946207
12, 323, 0.870331
12, 324, 0.86587
12, 325, -1
12, 326, -1
12, 327, 0.937292
12, 328, 0.90605
12, 329, -1
12, 330, 0.839103
12, 331, -1
12, 332, 0.334718
12, 333, -1
12, 334, -0.133979
12, 335, -1
12, 336, 0.740917
12, 337, -1
12, 338, 0.191845
12, 339, 0.620364
12, 340, -1
12, 341, 0.285588
12, 342, 0.888229
12, 343, -1
12, 344, 0.941797
12, 345, 0.932872
12, 346, 0.937338
12, 347, 0.93734
12, 348, -1
12, 349, 0.856999
12, 350, 0.682917
12, 351, 0.325774
12, 352, -0.205391
12, 353, -1
12, 354, 0.517764
12, 355, -1
12, 356, -1
12, 357, 0.84809
12, 358, 0.0579878
12, 359, 0.660614
12, 360, 0.973082
12, 361, 0.86145
12, 362, -1
12, 363, -1
12, 364, 0.857033
12, 365, 0.834716
12, 366, -1
12, 367, -1
12, 368, 0.874897
12, 369, 0.915074
12, 370, 0.78116
12, 371, 0.656173
12, 372, 0.830267
12, 373, -1
12, 374, 0.571363
12, 375, -1
12, 376, 0.633862
12, 377, -1
12, 378, 0.995447
12, 379, -1
12, 380, 0.955276
12, 381, -1
12, 382, 0.490983
12, 383, -1
12, 384, 0.857078
12, 385, -1
12, 386, 0.937435
12, 387, 0.919581
12, 388, 0.79459
12, 389, -1
12, 390, 0.91066
12, 391, -1
12, 392, 0.66514
12, 393, -1
12, 394, -1
12, 395, -1
12, 396, 0.406186
12, 397, 0.334761
12, 398, -1
12, 399, -1
13, 0, 0.81161
13, 1, 0.918661
13, 2, 0.0487126
13, 3, -1
13, 4, 0.887446
13, 5, -1
13, 6, -0.0494477
13, 7, 0.655502
13, 8, -1
13, 9, -1
13, 10, 0.45026
13, 11, 0.552867
13, 12, -1
13, 13, 0.682237
13, 14, 0.784876
13, 15, 0.936536
13, 16, 0.869631
13, 17, -1
13, 18, -1
13, 19, -1
13, 20, -1
13, 21, -1
13, 22, 0.0665777
13, 23, 0.508316
13, 24, 0.169203
13, 25, 0.628769
13, 26, 0.204899
13, 27, -1
13, 28, 0.204942
13, 29, 0.927648
13, 30, -1
13, 31, 0.668888
13, 32, -1
13, 33, -0.000343863
13, 34, 0.23614
13, 35, -1
13, 36, -1
13, 37, 0.967813
13, 38, 0.557373
13, 39, -1
13, 40, 0.999044
13, 41, 0.856306
13, 42, -0.227918
13, 43, -1
13, 44, 0.499385
13, 45, -1
13, 46, 0.709106
13, 47, -1
13, 48, -1
13, 49, 0.561893
13, 50, -1
13, 51, -1
13, 52, -1
13, 53, -0.00925246
13, 54, -1
13, 55, 0.0889175
13, 56, 0.677898
13, 57, 0.276323
13, 58, 0.521715
13, 59, 0.236168
13, 60, -1
13, 61, -1
13, 62, -1
13, 63, -1
13, 64, -0.20113
13, 65, 0.530649
13, 66, -1
13, 67, 0.405727
13, 68, -1
13, 69, -1
13, 70, -1
13, 71, -1
13, 72, -1
13, 73, 0.151445
13, 74, -1
13, 75, 0.0621622
13, 76, 0.575322
13, 77, 0.651128
13, 78, -1
13, 79, -1
13, 80, 0.999146
13, 81, -1
13, 82, -0.00922968
13, 83, 0.584217
13, 84, 0.642218
13, 85, -1
13, 86, -1
13, 87, -1
13, 88, -1
13, 89, -1
13, 90, -0.0404206
13, 91, -1
13, 92, -1
13, 93, -0.303759
13, 94, -1
13, 95, 0.651202
13, 96, 0.816277
13, 97, -1
13, 98, 0.111269
13, 99, 0.994734
13, 100, 0.298684
13, 101, 0.718096
13, 102, 0.909978
13, 103, -1
13, 104, 0.651178
13, 105, 0.820758
13, 106, 0.905526
13, 107, -1
13, 108, 0.539641
13, 109, 0.811844
13, 110, -1
13, 111, 0.423676
13, 112, 0.794004
13, 113, -1
13, 114, -1
13, 115, -1
13, 116, 0.87432
13, 117, -1
13, 118, -1
13, 119, 0.138063
13, 120, -1
13, 121, 0.878793
13, 122, 0.651211
13, 123, 0.767258
13, 124, -1
13, 125, 0.936801
13, 126, 0.941265
13, 127, -1
13, 128, 0.847578
13, 129, 0.941272
13, 130, 0.972505
13, 131, 0.972508
13, 132, 0.874356
13, 133, 0.869897
13, 134, 0.936823
13, 135, -1
13, 136, -1
13, 137, -1
13, 138, -1
13, 139, 0.749403
13, 140, 0.999299
13, 141, -1
13, 142, -1
13, 143, 0.753914
13, 144, 0.887769
13, 145, 0.878848
13, 146, 0.923467
13, 147, 0.941316
13, 148, 0.910087
13, 149, 0.972553
13, 150, -1
13, 151, 0.495089
13, 152, 0.387996
13, 153, 0.834248
13, 154, 0.919024
13, 155, 0.936874
13, 156, -1
13, 157, -1
13, 158, 0.883339
13, 159, -1
13, 160, 0.414781
13, 161, 0.954736
13, 162, 0.825344
13, 163, 0.820884
13, 164, -1
13, 165, -1
13, 166, 0.941362
13, 167, -1
13, 168, -1
13, 169, 0.611137
13, 170, 0.138113
13, 171, 0.392524
13, 172, -1
13, 173, 0.356827
13, 174, -1
13, 175, 0.892303
13, 176, 0.97262
13, 177, 0.789639
13, 178, 0.155972
13, 179, -1
13, 180, -1
13, 181, 0.941399
13, 182, 0.999407
13, 183, 0.901205
13, 184, 0.70041
13, 185, -1
13, 186, 0.825396
13, 187, -1
13, 188, -1
13, 189, -1
13, 190, -1
13, 191, -1
13, 192, -1
13, 193, 0.227433
13, 194, -1
13, 195, 0.972667
13, 196, 0.936973
13, 197, -1
13, 198, 0.450536
13, 199, 0.642427
13, 200, 0.968218
13, 201, -1
13, 202, 0.477317
13, 203, -1
13, 204, 0.263108
13, 205, -1
13, 206, 0.258648
13, 207, 0.16939
13, 208, 0.071205
13, 209, -1
13, 210, -1
13, 211, 0.0622815
13, 212, 0.334524
13, 213, 0.758518
13, 214, -1
13, 215, -1
13, 216, -1
13, 217, 0.571057
13, 218, 0.745141
13, 219, -1
13, 220, 0.63354
13, 221, -1
13, 222, -0.0671418
13, 223, -1
13, 224, 0.58896
13, 225, -1
13, 226, -1
13, 227, -1
13, 228, -0.0537073
13, 229, -1
13, 230, -1
13, 231, -1
13, 232, 0.263181
13, 233, 0.593398
13, 234, -1
13, 235, -1
13, 236, 0.780879
13, 237, 0.397037
13, 238, 0.887986
13, 239, -1
13, 240, 0.0667702
13, 241, -1
13, 242, 0.588991
13, 243, -1
13, 244, -1
13, 245, -1
13, 246, 0.682718
13, 247, 0.477426
13, 248, -1
13, 249, -0.0670822
13, 250, -0.0492279
13, 251, 0.0534303
13, 252, -1
13, 253, -1
13, 254, 0.821081
13, 255, 0.73629
13, 256, 0.544345
13, 257, 0.999599
13, 258, -1
13, 259, 0.838944
13, 260, -0.0135533
13, 261, -1
13, 262, -1
13, 263, 0.606879
13, 264, 0.428317
13, 265, 0.633661
13, 266, -1
13, 267, 0.472993
13, 268, -1
13, 269, -1
13, 270, -1
13, 271, -1
13, 272, 0.834509
13, 273, 0.638138
13, 274, 0.745254
13, 275, 0.82559
13, 276, -1
13, 277, 0.330143
13, 278, -1
13, 279, 0.687203
13, 280, 0.37482
13, 281, 0.709563
13, 282, -1
13, 283, 0.365898
13, 284, 0.977353
13, 285, 0.0489559
13, 286, -1
13, 287, -1
13, 288, -0.0313858
13, 289, -1
13, 290, -1
13, 291, 0.91935
13, 292, -1
13, 293, -1
13, 294, -1
13, 295, 0.571188
13, 296, 0.656033
13, 297, -1
13, 298, 0.316779
13, 299, 0.544455
13, 300, 0.66943
13, 301, -1
13, 302, 0.468542
13, 303, -1
13, 304, -0.0804743
13, 305, -1
13, 306, -1
13, 307, -0.151892
13, 308, -1
13, 309, 0.156104
13, 310, 0.968491
13, 311, -1
13, 312, 0.825671
13, 313, -1
13, 314, 0.847992
13, 315, -1
13, 316, 0.29006
13, 317, 0.31238
13, 318, -1
13, 319, 0.7141
13, 320, -1
13, 321, 0.307881
13, 322, -1
13, 323, -1
13, 324, -0.183128
13, 325, -1
13, 326, 0.3972
13, 327, -1
13, 328, -0.200982
13, 329, -1
13, 330, -1
13, 331, 0.781077
13, 332, -1
13, 333, 0.562365
13, 334, -1
13, 335, 0.044535
13, 336, 0.17845
13, 337, -1
13, 338, -1
13, 339, -1
13, 340, 0.915003
13, 341, 0.647188
13, 342, -1
13, 343, -1
13, 344, -1
13, 345, 0.767675
13, 346, -1
13, 347, 0.406116
13, 348, -1
13, 349, 0.883739
13, 350, -1
13, 351, -1
13, 352, 0.723092
13, 353, 0.843615
13, 354, -1
13, 355, -1
13, 356, 0.352603
13, 357, 0.0892336
13, 358, 0.923973
13, 359, -1
13, 360, 0.77221
13, 361, 0.709718
13, 362, -1
13, 363, 0.700795
13, 364, -1
13, 365, 0.906135
13, 366, -1
13, 367, -1
13, 368, -1
13, 369, -1
13, 370, 0.8749
13, 371, 0.740985
13, 372, -1
13, 373, -1
13, 374, 0.937403
13, 375, 0.36602
13, 376, 0.544541
13, 377, 0.325846
13, 378, -1
13, 379, 0.915096
13, 380, -1
13, 381, -1
13, 382, 0.727575
13, 383, -1
13, 384, 0.142787
13, 385, 0.749941
13, 386, -1
13, 387, -1
13, 388, -1
13, 389, 0.861551
13, 390, -1
13, 391, 0.919588
13, 392, -1
13, 393, 0.941913
13, 394, 0.839201
13, 395, -1
13, 396, 0.321406
13, 397, 0.307974
13, 398, 0.76336
13, 399, 0.919607
14, 0, 0.731278
14, 1, -1
14, 2, 0.753625
14, 3, -1
14, 4, -1
14, 5, 0.593004
14, 6, 0.361028
14, 7, 0.664421
14, 8, -1
14, 9, 0.905296
14, 10, -1
14, 11, 0.566248
14, 12, 0.923145
14, 13, 0.998972
14, 14, -1
14, 15, 0.909771
14, 16, -1
14, 17, -1
14, 18, 0.686746
14, 19, -1
14, 20, 0.99899
14, 21, 0.775927
14, 22, 0.998995
14, 23, -1
14, 24, -1
14, 25, 0.222744
14, 26, 0.744712
14, 27, -1
14, 28, 0.668921
14, 29, -1
14, 30, 0.887503
14, 31, -1
14, 32, 0.887508
14, 33, 0.829481
14, 34, -1
14, 35, 0.967805
14, 36, 0.967808
14, 37, 0.89198
14, 38, 0.508297
14, 39, 0.535107
14, 40, -1
14, 41, 0.941057
14, 42, -1
14, 43, 0.999049
14, 44, -1
14, 45, 0.771556
14, 46, 0.124605
14, 47, -0.129741
14, 48, -0.107428
14, 49, -1
14, 50, 0.29416
14, 51, 0.401282
14, 52, -1
14, 53, 0.459245
14, 54, -1
14, 55, 0.856335
14, 56, 0.865259
14, 57, 0.96786
14, 58, -1
14, 59, -1
14, 60, 0.722475
14, 61, -1
14, 62, -1
14, 63, -1
14, 64, -1
14, 65, -1
14, 66, -0.0270521
14, 67, 0.106817
14, 68, 0.13355
14, 69, -1
14, 70, -0.00923989
14, 71, 0.307571
14, 72, 0.47716
14, 73, 0.352192
14, 74, -1
14, 75, -1
14, 76, 0.785004
14, 77, 0.619897
14, 78, -1
14, 79, 0.490515
14, 80, -0.152033
14, 81, -0.0181561
14, 82, -0.143106
14, 83, 0.325474
14, 84, 0.0131235
14, 85, -1
14, 86, -1
14, 87, -1
14, 88, 0.0443636
14, 89, -1
14, 90, -1
14, 91, -1
14, 92, -1
14, 93, -1
14, 94, -1
14, 95, 0.410226
14, 96, -1
14, 97, 0.914425
14, 98, -1
14, 99, 0.285295
14, 100, -1
14, 101, 0.428123
14, 102, 0.780597
14, 103, 0.887672
14, 104, -1
14, 105, -1
14, 106, 0.73599
14, 107, -1
14, 108, -1
14, 109, 0.553067
14, 110, -1
14, 111, -1
14, 112, -1
14, 113, -1
14, 114, -1
14, 115, 0.669083
14, 116, 0.9457
14, 117, -1
14, 118, 0.990318
14, 119, -0.156471
14, 120, 0.387951
14, 121, -1
14, 122, -1
14, 123, -1
14, 124, -1
14, 125, -1
14, 126, 0.428118
14, 127, 0.548635
14, 128, -1
14, 129, -1
14, 130, -1
14, 131, -1
14, 132, -1
14, 133, -1
14, 134, 0.316614
14, 135, -1
14, 136, -1
14, 137, 0.637851
14, 138, -1
14, 139, 0.231794
14, 140, -1
14, 141, -0.147532
14, 142, -1
14, 143, -1
14, 144, -1
14, 145, -1
14, 146, -1
14, 147, -1
14, 148, -1
14, 149, 0.160445
14, 150, -1
14, 151, -1
14, 152, -1
14, 153, -1
14, 154, -1
14, 155, 0.191649
14, 156, 0.914565
14, 157, 0.566493
14, 158, -1
14, 159, 0.499562
14, 160, 0.936883
14, 161, -0.143057
14, 162, 0.356811
14, 163, 0.46391
14, 164, 0.115833
14, 165, -1
14, 166, 0.303266
14, 167, 0.044431
14, 168, -0.0537519
14, 169, 0.178276
14, 170, -1
14, 171, -1
14, 172, -1
14, 173, -0.25905
14, 174, -1
14, 175, 0.84768
14, 176, 0.968156
14, 177, -1
14, 178, -1
14, 179, 0.78522
14, 180, 0.330019
14, 181, -1
14, 182, -1
14, 183, 0.182793
14, 184, 0.414854
14, 185, -1
14, 186, -1
14, 187, -1
14, 188, 0.401472
14, 189, -1
14, 190, -1
14, 191, 0.0578405
14, 192, -1
14, 193, -1
14, 194, -1
14, 195, 0.968203
14, 196, 0.771868
14, 197, 0.950359
14, 198, 0.807531
14, 199, -1
14, 200, 0.356821
14, 201, 0.999453
14, 202, -1
14, 203, -0.0537667
14, 204, 0.16046
14, 205, 0.905757
14, 206, -1
14, 207, 0.410423
14, 208, 0.722807
14, 209, 0.539844
14, 210, 0.392576
14, 211, -1
14, 212, -1
14, 213, 0.455019
14, 214, 0.937014
14, 215, 0.222953
14, 216, 0.722822
14, 217, 0.187252
14, 218, 0.272049
14, 219, -0.317092
14, 220, 0.937029
14, 221, -1
14, 222, -1
14, 223, -1
14, 224, 0.620157
14, 225, -1
14, 226, 0.874569
14, 227, 0.736191
14, 228, 0.611279
14, 229, 0.294377
14, 230, 0.96829
14, 231, -1
14, 232, 0.651451
14, 233, 0.620213
14, 234, 0.352402
14, 235, 0.968302
14, 236, -1
14, 237, 0.477409
14, 238, 0.504188
14, 239, 0.99955
14, 240, 0.754109
14, 241, 0.865637
14, 242, 0.972782
14, 243, -1
14, 244, 0.999563
14, 245, 0.968327
14, 246, 0.115871
14, 247, -1
14, 248, -1
14, 249, -1
14, 250, -1
14, 251, 0.611279
14, 252, 0.937106
14, 253, -1
14, 254, 0.829965
14, 255, -1
14, 256, -1
14, 257, -1
14, 258, 0.3614
14, 259, -0.223339
14, 260, 0.789812
14, 261, 0.977292
14, 262, 0.914816
14, 263, -1
14, 264, -1
14, 265, 0.91036
14, 266, -1
14, 267, -1
14, 268, 0.968384
14, 269, 0.785408
14, 270, 0.83004
14, 271, 0.722931
14, 272, 0.968394
14, 273, 0.968397
14, 274, -1
14, 275, -1
14, 276, -1
14, 277, 0.298899
14, 278, -1
14, 279, -1
14, 280, 0.968414
14, 281, 0.932713
14, 282, 0.99966
14, 283, -1
14, 284, 0.691714
14, 285, -1
14, 286, 0.3123
14, 287, -1
14, 288, -1
14, 289, 0.397148
14, 290, 0.258744
14, 291, 0.428394
14, 292, -1
14, 293, 0.968447
14, 294, -1
14, 295, 0.999693
14, 296, 0.495352
14, 297, 0.905973
14, 298, 0.428404
14, 299, -1
14, 300, -1
14, 301, 0.999708
14, 302, 0.968469
14, 303, 0.182878
14, 304, -1
14, 305, 0.839043
14, 306, 0.4864
14, 307, -1
14, 308, 0.0936113
14, 309, 0.968486
14, 310, -0.0536885
14, 311, 0.0846867
14, 312, 0.664947
14, 313, -1
14, 314, 0.968499
14, 315, -1
14, 316, -1
14, 317, 0.798899
14, 318, -1
14, 319, 0.995291
14, 320, 0.906027
14, 321, 0.99976
14, 322, 0.691746
14, 323, 0.937278
14, 324, 0.93728
14, 325, 0.901575
14, 326, -1
14, 327, -1
14, 328, -1
14, 329, -1
14, 330, -1
14, 331, -1
14, 332, 0.0266764
14, 333, 0.99979
14, 334, 0.999793
14, 335, 0.968551
14, 336, 0.968554
14, 337, -1
14, 338, -1
14, 339, -1
14, 340, -1
14, 341, 0.91054
14, 342, 0.892688
14, 343, -1
14, 344, 0.843593
14, 345, -1
14, 346, -1
14, 347, -1
14, 348, -1
14, 349, -1
14, 350, 0.370449
14, 351, 0.11597
14, 352, -1
14, 353, -1
14, 354, -1
14, 355, 0.879327
14, 356, 0.25882
14, 357, 0.38381
14, 358, 0.263286
14, 359, 0.923933
14, 360, 0.419525
14, 361, 0.339176
14, 362, 0.615938
14, 363, 0.531166
14, 364, 0.0981267
14, 365, -1
14, 366, -1
14, 367, -1
14, 368, 0.00438624
14, 369, -1
14, 370, -1
14, 371, -1
14, 372, -1
14, 373, 0.776658
14, 374, -1
14, 375, 0.535609
14, 376, 0.946333
14, 377, 0.111531
14, 378, 0.370446
14, 379, -1
14, 380, 0.365985
14, 381, 0.379418
14, 382, -0.120598
14, 383, 0.236531
14, 384, -1
14, 385, 0.37496
14, 386, 0.656197
14, 387, -1
14, 388, 0.459781
14, 389, -1
14, 390, -0.0402376
14, 391, -1
14, 392, 0.651744
14, 393, -1
14, 394, 0.276721
14, 395, 0.776744
14, 396, -1
14, 397, -1
14, 398, -1
14, 399, -1
15, 0, 0.887432
15, 1, 0.990019
15, 2, 0.191486
15, 3, -1
15, 4, 0.468093
15, 5, 0.655494
15, 6, -0.0449871
15, 7, -1
15, 8, -1
15, 9, -1
15, 10, -1
15, 11, -0.27256
15, 12, 0.73134
15, 13, 0.967748
15, 14, 0.414613
15, 15, 0.30304
15, 16, -1
15, 17, 0.99898
15, 18, 0.936538
15, 19, -1
15, 20, -1
15, 21, -1
15, 22, -1
15, 23, -0.027126
15, 24, -1
15, 25, -1
15, 26, 0.999003
15, 27, -1
15, 28, -1
15, 29, -1
15, 30, -1
15, 31, 0.784908
15, 32, -1
15, 33, 0.999021
15, 34, 0.802757
15, 35, 0.909816
15, 36, -1
15, 37, -1
15, 38, -1
15, 39, -1
15, 40, 0.820613
15, 41, -1
15, 42, 0.847342
15, 43, -1
15, 44, 0.999049
15, 45, -1
15, 46, 0.825087
15, 47, 0.874158
15, 48, -1
15, 49, -1
15, 50, -1
15, 51, -1
15, 52, -1
15, 53, -1
15, 54, -1
15, 55, 0.740348
15, 56, 0.579746
15, 57, -1
15, 58, 0.999085
15, 59, 0.999087
15, 60, 0.633249
15, 61, -1
15, 62, -1
15, 63, 0.55299
15, 64, -1
15, 65, 0.561916
15, 66, 0.584225
15, 67, -1
15, 68, 0.49946
15, 69, -1
15, 70, -1
15, 71, -1
15, 72, -1
15, 73, -1
15, 74, 0.700234
15, 75, 0.588702
15, 76, 0.379006
15, 77, 0.909915
15, 78, 0.999136
15, 79, -1
15, 80, -1
15, 81, 0.93669
15, 82, 0.660097
15, 83, 0.00861918
15, 84, -1
15, 85, 0.798404
15, 86, -1
15, 87, -1
15, 88, -1
15, 89, -1
15, 90, -1
15, 91, -1
15, 92, -1
15, 93, 0.740424
15, 94, -1
15, 95, -1
15, 96, 0.927804
15, 97, 0.691356
15, 98, 0.999187
15, 99, -1
15, 100, 0.941197
15, 101, -1
15, 102, 0.856438
15, 103, 0.807365
15, 104, 0.410238
15, 105, -1
15, 106, 0.606601
15, 107, -1
15, 108, -1
15, 109, -1
15, 110, -1
15, 111, -1
15, 112, 0.526299
15, 113, -1
15, 114, -1
15, 115, 0.99923
15, 116, -1
15, 117, -1
15, 118, 0.566426
15, 119, -1
15, 120, 0.825208
15, 121, -1
15, 122, -1
15, 123, -1
15, 124, 0.0934815
15, 125, -1
15, 126, 0.816338
15, 127, -1
15, 128, 0.829727
15, 129, -1
15, 130, -1
15, 131, -1
15, 132, 0.932352
15, 133, 0.762813
15, 134, -1
15, 135, -1
15, 136, 0.936823
15, 137, -0.067204
15, 138, -1
15, 139, -0.0582366
15, 140, -1
15, 141, 0.856526
15, 142, -1
15, 143, 0.968071
15, 144, 0.820839
15, 145, -1
15, 146, 0.892231
15, 147, 0.999312
15, 148, -1
15, 149, 0.950239
15, 150, -1
15, 151, 0.999322
15, 152, 0.968093
15, 153, -1
15, 154, 0.883326
15, 155, -1
15, 156, -1
15, 157, -1
15, 158, 0.0578108
15, 159, -1
15, 160, 0.352305
15, 161, -1
15, 162, -1
15, 163, -1
15, 164, 0.785186
15, 165, 0.852118
15, 166, 0.968128
15, 167, 0.999363
15, 168, 0.999366
15, 169, 0.396981
15, 170, -1
15, 171, -1
15, 172, -1
15, 173, -1
15, 174, 0.825366
15, 175, -1
15, 176, 0.999386
15, 177, -1
15, 178, 0.129193
15, 179, 0.963699
15, 180, -1
15, 181, 0.789644
15, 182, 0.517446
15, 183, 0.910165
15, 184, 0.753993
15, 185, -1
15, 186, 0.986026
15, 187, 0.999414
15, 188, -1
15, 189, -1
15, 190, 0.700458
15, 191, -1
15, 192, -1
15, 193, 0.883415
15, 194, 0.825409
15, 195, 0.905731
15, 196, -1
15, 197, -1
15, 198, 0.999443
15, 199, 0.999445
15, 200, 0.936978
15, 201, 0.99945
15, 202, 0.807577
15, 203, 0.910212
15, 204, -1
15, 205, 0.941452
15, 206, -1
15, 207, 0.852211
15, 208, 0.919148
15, 209, 0.914688
15, 210, 0.87453
15, 211, 0.999476
15, 212, 0.968243
15, 213, 0.887924
15, 214, -1
15, 215, -1
15, 216, 0.968253
15, 217, 0.968255
15, 218, 0.843311
15, 219, -1
15, 220, 0.901327
15, 221, 0.999501
15, 222, 0.941493
15, 223, 0.847785
15, 224, 0.852249
15, 225, -1
15, 226, 0.798704
15, 227, -1
15, 228, -1
15, 229, -1
15, 230, 0.90135
15, 231, 0.91474
15, 232, 0.87458
15, 233, 0.798719
15, 234, 0.785333
15, 235, -1
15, 236, 0.99954
15, 237, 0.905829
15, 238, 0.968307
15, 239, -1
15, 240, -1
15, 241, -1
15, 242, -1
15, 243, 0.937082
15, 244, 0.874607
15, 245, -1
15, 246, 0.861224
15, 247, 0.633625
15, 248, 0.722883
15, 249, 0.888007
15, 250, 0.861233
15, 251, 0.972802
15, 252, 0.776445
15, 253, 0.946031
15, 254, 0.905869
15, 255, 0.937111
15, 256, 0.937113
15, 257, 0.896951
15, 258, 0.999596
15, 259, 0.977285
15, 260, 0.914809
15, 261, 0.968365
15, 262, 0.999606
15, 263, -1
15, 264, 0.937132
15, 265, 0.999614
15, 266, -1
15, 267, -0.0492168
15, 268, 0.937142
15, 269, -1
15, 270, -1
15, 271, 0.972852
15, 272, -1
15, 273, -1
15, 274, 0.82112
15, 275, -1
15, 276, -1
15, 277, -1
15, 278, -1
15, 279, 0.441725
15, 280, -1
15, 281, 0.825599
15, 282, -1
15, 283, 0.86577
15, 284, -1
15, 285, 0.999665
15, 286, -1
15, 287, -1
15, 288, -1
15, 289, 0.999675
15, 290, -1
15, 291, 0.972902
15, 292, 0.825623
15, 293, -1
15, 294, -1
15, 295, -1
15, 296, -1
15, 297, -1
15, 298, -1
15, 299, -1
15, 300, 0.696166
15, 301, 0.745304
15, 302, -1
15, 303, -1
15, 304, -1
15, 305, -1
15, 306, -1
15, 307, -1
15, 308, 0.968481
15, 309, 0.999726
15, 310, -1
15, 311, 0.92832
15, 312, -1
15, 313, -1
15, 314, 0.624818
15, 315, -1
15, 316, -1
15, 317, -0.236659
15, 318, -1
15, 319, -1
15, 320, -1
15, 321, -1
15, 322, -1
15, 323, -1
15, 324, -1
15, 325, -1
15, 326, -1
15, 327, -1
15, 328, -1
15, 329, -1
15, 330, 0.852486
15, 331, -1
15, 332, -1
15, 333, -1
15, 334, -1
15, 335, -1
15, 336, -1
15, 337, -1
15, 338, -1
15, 339, -1
15, 340, 0.459668
15, 341, 0.205236
15, 342, 0.0356519
15, 343, -1
15, 344, -1
15, 345, -1
15, 346, -1
15, 347, -1
15, 348, -1
15, 349, -1
15, 350, 0.620419
15, 351, -1
15, 352, 0.9552
15, 353, 0.92842
15, 354, -1
15, 355, 0.848079
15, 356, 0.540041
15, 357, -0.174182
15, 358, 0.611505
15, 359, 0.0579457
15, 360, 0.723104
15, 361, -1
15, 362, 0.0847321
15, 363, -1
15, 364, -1
15, 365, -1
15, 366, -1
15, 367, -1
15, 368, 0.754367
15, 369, -1
15, 370, -1
15, 371, -1
15, 372, 0.955249
15, 373, 0.892757
15, 374, 0.843657
15, 375, -1
15, 376, -1
15, 377, 0.482043
15, 378, 0.432941
15, 379, -1
15, 380, 0.79899
15, 381, -1
15, 382, -1
15, 383, 0.999916
15, 384, -1
15, 385, -1
15, 386, -1
15, 387, -1
15, 388, -1
15, 389, -1
15, 390, 0.816908
15, 391, -1
15, 392, 0.63835
15, 393, -1
15, 394, -1
15, 395, 0.941913
15, 396, 0.883883
15, 397, -1
15, 398, 0.888311
15, 399, 0.821392
16, 0, -1
16, 1, -1
16, 2, 0.816068
16, 3, 0.824991
16, 4, 0.976643
16, 5, -1
16, 6, 0.155796
16, 7, 0.369949
16, 8, 0.142413
16, 9, -1
16, 10, 0.387798
16, 11, 0.998962
16, 12, 0.869615
16, 13, -1
16, 14, 0.485951
16, 15, 0.762569
16, 16, -1
16, 17, 0.423498
16, 18, -1
16, 19, 0.976681
16, 20, 0.93654
16, 21, 0.856254
16, 22, 0.856256
16, 23, 0.057652
16, 24, 0.49935
16, 25, -1
16, 26, -1
16, 27, 0.423513
16, 28, -1
16, 29, 0.829508
16, 30, -1
16, 31, -1
16, 32, 0.758143
16, 33, 0.758145
16, 34, 0.936574
16, 35, 0.999023
16, 36, 0.999026
16, 37, -1
16, 38, -1
16, 39, 0.999034
16, 40, -1
16, 41, 0.195988
16, 42, 0.593105
16, 43, 0.14691
16, 44, 0.401229
16, 45, -1
16, 46, -1
16, 47, 0.374504
16, 48, -1
16, 49, 0.124606
16, 50, -1
16, 51, -1
16, 52, -1
16, 53, -1
16, 54, 0.798336
16, 55, 0.950007
16, 56, -1
16, 57, 0.99908
16, 58, -1
16, 59, 0.999085
16, 60, -1
16, 61, -1
16, 62, 0.70467
16, 63, -1
16, 64, 0.271866
16, 65, -1
16, 66, 0.762673
16, 67, -0.0270932
16, 68, -0.0047807
16, 69, 0.49942
16, 70, -1
16, 71, -1
16, 72, 0.25853
16, 73, 0.561928
16, 74, 0.548545
16, 75, -1
16, 76, 0.999128
16, 77, -1
16, 78, -1
16, 79, -1
16, 80, -1
16, 81, -1
16, 82, -1
16, 83, 0.102327
16, 84, -1
16, 85, 0.588717
16, 86, -1
16, 87, -1
16, 88, -1
16, 89, -1
16, 90, -0.147525
16, 91, 0.41472
16, 92, -0.0538492
16, 93, 0.584269
16, 94, 0.847495
16, 95, -1
16, 96, 0.999179
16, 97, -1
16, 98, -1
16, 99, -1
16, 100, 0.927771
16, 101, -0.178797
16, 102, -1
16, 103, -0.0984674
16, 104, -1
16, 105, 0.445973
16, 106, -0.232348
16, 107, 0.521828
16, 108, -1
16, 109, -1
16, 110, -1
16, 111, 0.579838
16, 112, 0.588763
16, 113, 0.999223
16, 114, -1
16, 115, 0.785081
16, 116, -1
16, 117, -0.067219
16, 118, 0.379061
16, 119, 0.307668
16, 120, 0.999241
16, 121, 0.263008
16, 122, -1
16, 123, -1
16, 124, -1
16, 125, -1
16, 126, -1
16, 127, 0.0220821
16, 128, -1
16, 129, -1
16, 130, -0.0270048
16, 131, -1
16, 132, -1
16, 133, 0.968044
16, 134, 0.445975
16, 135, -1
16, 136, -1
16, 137, 0.169356
16, 138, -1
16, 139, 0.620043
16, 140, 0.0711419
16, 141, -1
16, 142, 0.459414
16, 143, 0.504037
16, 144, -1
16, 145, -1
16, 146, -0.00918178
16, 147, -1
16, 148, -1
16, 149, -1
16, 150, -1
16, 151, -1
16, 152, 0.999322
16, 153, -1
16, 154, -1
16, 155, 0.209497
16, 156, 0.218464
16, 157, 0.205077
16, 158, -1
16, 159, -0.308194
16, 160, 0.84318
16, 161, 0.629006
16, 162, 0.61116
16, 163, -1
16, 164, -1
16, 165, -1
16, 166, -1
16, 167, -0.326003
16, 168, -1
16, 169, 0.535314
16, 170, 0.977059
16, 171, -1
16, 172, -1
16, 173, 0.999376
16, 174, 0.642416
16, 175, -1
16, 176, -0.00465496
16, 177, -0.111806
16, 178, -0.0984166
16, 179, -1
16, 180, -0.281404
16, 181, -1
16, 182, -1
16, 183, 0.044443
16, 184, -1
16, 185, -0.134076
16, 186, -1
16, 187, -1
16, 188, 0.642401
16, 189, 0.678102
16, 190, 0.82986
16, 191, -1
16, 192, -1
16, 193, -0.178743
16, 194, -1
16, 195, 0.258672
16, 196, -1
16, 197, -1
16, 198, -1
16, 199, 0.169379
16, 200, 0.794184
16, 201, -1
16, 202, 0.847736
16, 203, -1
16, 204, -1
16, 205, -1
16, 206, -1
16, 207, -1
16, 208, 0.905759
16, 209, 0.731729
16, 210, -1
16, 211, 0.999473
16, 212, -1
16, 213, -1
16, 214, -1
16, 215, 0.9147
16, 216, 0.343491
16, 217, 0.370269
16, 218, 0.383659
16, 219, 0.102454
16, 220, 0.405976
16, 221, 0.423829
16, 222, 0.10692
16, 223, 0.285482
16, 224, -1
16, 225, 0.0712175
16, 226, -1
16, 227, 0.713915
16, 228, 0.896841
16, 229, 0.94593
16, 230, 0.870111
16, 231, -0.089454
16, 232, -0.201037
16, 233, -1
16, 234, -1
16, 235, -1
16, 236, 0.0756905
16, 237, 0.156069
16, 238, 0.397075
16, 239, 0.758565
16, 240, -1
16, 241, 0.745181
16, 242, 0.54882
16, 243, -1
16, 244, 0.0891277
16, 245, 0.272119
16, 246, 0.098056
16, 247, -1
16, 248, 0.874614
16, 249, 0.780899
16, 250, 0.669331
16, 251, -1
16, 252, -1
16, 253, -1
16, 254, -0.0179834
16, 255, -1
16, 256, 0.0667817
16, 257, -1
16, 258, 0.678232
16, 259, -1
16, 260, 0.999599
16, 261, 0.401529
16, 262, -1
16, 263, -0.0938552
16, 264, 0.120389
16, 265, 0.0534398
16, 266, 0.856804
16, 267, 0.66486
16, 268, -1
16, 269, 0.950531
16, 270, -1
16, 271, -1
16, 272, -1
16, 273, -0.00457822
16, 274, -1
16, 275, 0.392663
16, 276, 0.437296
16, 277, 0.388202
16, 278, -1
16, 279, -1
16, 280, 0.254266
16, 281, 0.709557
16, 282, 0.531033
16, 283, -1
16, 284, 0.776509
16, 285, 0.95057
16, 286, 0.655969
16, 287, -1
16, 288, 0.928262
16, 289, -1
16, 290, 0.638164
16, 291, -1
16, 292, -1
16, 293, -1
16, 294, -0.214353
16, 295, -1
16, 296, -1
16, 297, 0.633673
16, 298, 0.80774
16, 299, -1
16, 300, 0.999701
16, 301, 0.365918
16, 302, -1
16, 303, 0.937224
16, 304, -1
16, 305, 0.888094
16, 306, 0.856894
16, 307, 0.999719
16, 308, -1
16, 309, 0.723002
16, 310, -1
16, 311, -1
16, 312, -1
16, 313, -1
16, 314, 0.276623
16, 315, 0.763184
16, 316, -1
16, 317, 0.723017
16, 318, 0.513237
16, 319, 0.767655
16, 320, 0.968509
16, 321, 0.584617
16, 322, 0.709637
16, 323, -1
16, 324, 0.879251
16, 325, -0.156347
16, 326, -1
16, 327, -1
16, 328, 0.87926
16, 329, -1
16, 330, -1
16, 331, -0.241116
16, 332, 0.151701
16, 333, -1
16, 334, -0.151877
16, 335, -1
16, 336, 0.607001
16, 337, -1
16, 338, 0.776581
16, 339, -1
16, 340, 0.999803
16, 341, -1
16, 342, -1
16, 343, -1
16, 344, 0.651612
16, 345, 0.580235
16, 346, 0.709683
16, 347, -1
16, 348, -1
16, 349, -1
16, 350, -1
16, 351, -1
16, 352, 0.459725
16, 353, 0.794508
16, 354, 0.290103
16, 355, -0.183112
16, 356, 0.187396
16, 357, -1
16, 358, -0.209894
16, 359, 0.968606
16, 360, -1
16, 361, 0.0981221
16, 362, 0.910585
16, 363, -1
16, 364, 0.999864
16, 365, 0.982012
16, 366, 0.910594
16, 367, 0.490954
16, 368, -1
16, 369, -1
16, 370, -1
16, 371, 0.486537
16, 372, -1
16, 373, -1
16, 374, -0.111676
16, 375, -1
16, 376, 0.678454
16, 377, 0.428474
16, 378, 0.865983
16, 379, 0.624932
16, 380, 0.723101
16, 381, -1
16, 382, 0.932911
16, 383, -1
16, 384, -1
16, 385, -1
16, 386, -1
16, 387, -1
16, 388, -1
16, 389, -1
16, 390, -1
16, 391, -1
16, 392, 0.535674
16, 393, 0.044582
16, 394, -1
16, 395, -1
16, 396, -0.0714838
16, 397, 0.803488
16, 398, 0.200832
16, 399, -1
17, 0, 0.79822
17, 1, 0.0665556
17, 2, 0.512737
17, 3, 0.610879
17, 4, -1
17, 5, -1
17, 6, 0.659953
17, 7, 0.860681
17, 8, -1
17, 9, 0.0308675
17, 10, 0.976656
17, 11, 0.99896
17, 12, 0.972201
17, 13, 0.940981
17, 14, -1
17, 15, 0.976669
17, 16, -1
17, 17, -1
17, 18, 0.883008
17, 19, 0.914234
17, 20, 0.115653
17, 21, 0.668862
17, 22, 0.405699
17, 23, -1
17, 24, -1
17, 25, 0.1692
17, 26, -1
17, 27, -1
17, 28, -1
17, 29, 0.999006
17, 30, -1
17, 31, 0.00411346
17, 32, -1
17, 33, 0.842897
17, 34, -1
17, 35, 0.936574
17, 36, 0.816139
17, 37, 0.316489
17, 38, -1
17, 39, 0.0800156
17, 40, 0.195986
17, 41, -1
17, 42, 0.601985
17, 43, -1
17, 44, -1
17, 45, -1
17, 46, 0.851847
17, 47, 0.490501
17, 48, -1
17, 49, -1
17, 50, 0.883041
17, 51, 0.227231
17, 52, 0.633271
17, 53, -1
17, 54, 0.883091
17, 55, -1
17, 56, -1
17, 57, -1
17, 58, -1
17, 59, -1
17, 60, -1
17, 61, 0.709128
17, 62, -1
17, 63, -1
17, 64, -1
17, 65, -1
17, 66, -1
17, 67, 0.655604
17, 68, -1
17, 69, -1
17, 70, -1
17, 71, -1
17, 72, -1
17, 73, -1
17, 74, -1
17, 75, -1
17, 76, -1
17, 77, -1
17, 78, -1
17, 79, -1
17, 80, 0.468244
17, 81, 0.651128
17, 82, -1
17, 83, -1
17, 84, -1
17, 85, 0.704713
17, 86, 0.428097
17, 87, 0.628872
17, 88, 0.459292
17, 89, 0.40129
17, 90, -1
17, 91, 0.0934494
17, 92, -1
17, 93, -1
17, 94, -1
17, 95, -1
17, 96, -1
17, 97, 0.0354439
17, 98, -0.0805807
17, 99, -1
17, 100, -1
17, 101, -1
17, 102, -1
17, 103, -1
17, 104, 0.780595
17, 105, -1
17, 106, 0.557479
17, 107, 0.669063
17, 108, 0.669065
17, 109, 0.637795
17, 110, 0.503984
17, 111, -1
17, 112, -1
17, 113, -1
17, 114, -1
17, 115, -1
17, 116, -1
17, 117, -1
17, 118, -1
17, 119, -1
17, 120, 0.70474
17, 121, 0.691398
17, 122, 0.129137
17, 123, -1
17, 124, 0.463807
17, 125, -1
17, 126, -1
17, 127, 0.999256
17, 128, 0.789568
17, 129, -1
17, 130, 0.887727
17, 131, -1
17, 132, -1
17, 133, -1
17, 134, -1
17, 135, -1
17, 136, -1
17, 137, 0.213939
17, 138, -1
17, 139, -1
17, 140, -1
17, 141, 0.361202
17, 142, -1
17, 143, 0.785138
17, 144, 0.905606
17, 145, 0.695865
17, 146, -1
17, 147, -1
17, 148, 0.606671
17, 149, 0.923465
17, 150, -1
17, 151, -1
17, 152, 0.566519
17, 153, 0.602178
17, 154, -1
17, 155, -1
17, 156, 0.936867
17, 157, -1
17, 158, -1
17, 159, 0.0176046
17, 160, -1
17, 161, 0.227353
17, 162, -1
17, 163, -1
17, 164, 0.816416
17, 165, 0.77626
17, 166, 0.999356
17, 167, -1
17, 168, -1
17, 169, 0.86997
17, 170, -1
17, 171, -1
17, 172, 0.825357
17, 173, 0.910136
17, 174, 0.847671
17, 175, 0.883369
17, 176, -1
17, 177, 0.999384
17, 178, 0.968153
17, 179, -1
17, 180, -1
17, 181, 0.468395
17, 182, -1
17, 183, 0.816457
17, 184, -1
17, 185, 0.999404
17, 186, -1
17, 187, 0.999409
17, 188, 0.771846
17, 189, 0.276515
17, 190, -1
17, 191, 0.963723
17, 192, -1
17, 193, -1
17, 194, 0.977117
17, 195, -1
17, 196, 0.954812
17, 197, -1
17, 198, 0.999437
17, 199, 0.887887
17, 200, 0.42826
17, 201, 0.678163
17, 202, -1
17, 203, -1
17, 204, 0.396986
17, 205, 0.999455
17, 206, -1
17, 207, 0.919141
17, 208, 0.682639
17, 209, 0.227447
17, 210, -1
17, 211, 0.972697
17, 212, -1
17, 213, -1
17, 214, 0.950394
17, 215, -1
17, 216, -1
17, 217, 0.999486
17, 218, 0.999489
17, 219, 0.883471
17, 220, -1
17, 221, 0.767451
17, 222, -1
17, 223, -1
17, 224, 0.638043
17, 225, 0.950421
17, 226, 0.919186
17, 227, -1
17, 228, 0.990589
17, 229, -1
17, 230, 0.847796
17, 231, -1
17, 232, -1
17, 233, 0.972752
17, 234, -1
17, 235, 0.798719
17, 236, 0.977222
17, 237, -1
17, 238, 0.941527
17, 239, -1
17, 240, -1
17, 241, -1
17, 242, 0.794271
17, 243, 0.651425
17, 244, 0.495227
17, 245, -1
17, 246, -1
17, 247, 0.999563
17, 248, 0.941552
17, 249, 0.218565
17, 250, 0.602387
17, 251, 0.76305
17, 252, -1
17, 253, 0.838922
17, 254, -1
17, 255, 0.566651
17, 256, 0.865705
17, 257, 0.937111
17, 258, 0.937113
17, 259, -1
17, 260, -1
17, 261, -1
17, 262, -1
17, 263, -1
17, 264, 0.937128
17, 265, 0.90589
17, 266, 0.999611
17, 267, 0.999614
17, 268, -1
17, 269, -1
17, 270, -1
17, 271, -1
17, 272, -1
17, 273, -1
17, 274, 0.638133
17, 275, 0.70508
17, 276, 0.999637
17, 277, 0.758641
17, 278, 0.557764
17, 279, -1
17, 280, -1
17, 281, 0.388206
17, 282, -1
17, 283, 0.709559
17, 284, -1
17, 285, 0.972882
17, 286, 0.946107
17, 287, 0.986276
17, 288, 0.910408
17, 289, 0.99967
17, 290, 0.941654
17, 291, 0.919341
17, 292, -1
17, 293, -1
17, 294, 0.9372
17, 295, 0.392689
17, 296, -1
17, 297, -1
17, 298, -1
17, 299, -1
17, 300, 0.182912
17, 301, 0.972922
17, 302, -0.0938292
17, 303, -1
17, 304, -1
17, 305, -1
17, 306, -1
17, 307, 0.999716
17, 308, 0.999719
17, 309, -1
17, 310, -1
17, 311, -1
17, 312, 0.977413
17, 313, -1
17, 314, -1
17, 315, 0.696231
17, 316, 0.7319
17, 317, 0.968499
17, 318, -0.160815
17, 319, -1
17, 320, 0.678387
17, 321, -1
17, 322, -1
17, 323, 0.70071
17, 324, 0.821225
17, 325, -1
17, 326, 0.941741
17, 327, 0.999767
17, 328, 0.99977
17, 329, -1
17, 330, 0.999775
17, 331, 0.999778
17, 332, 0.923902
17, 333, 0.763219
17, 334, 0.999785
17, 335, 0.43734
17, 336, 0.169518
17, 337, -1
17, 338, -1
17, 339, 0.240982
17, 340, -1
17, 341, -0.107194
17, 342, -0.138441
17, 343, -1
17, 344, -1
17, 345, -1
17, 346, 0.906081
17, 347, 0.999818
17, 348, 0.999821
17, 349, 0.999824
17, 350, 0.946263
17, 351, -1
17, 352, 0.915022
17, 353, -1
17, 354, 0.812362
17, 355, -1
17, 356, -1
17, 357, -1
17, 358, -1
17, 359, 0.633823
17, 360, -1
17, 361, 0.495448
17, 362, -1
17, 363, -1
17, 364, -1
17, 365, -1
17, 366, -1
17, 367, -1
17, 368, -1
17, 369, 0.633841
17, 370, -1
17, 371, -1
17, 372, -1
17, 373, -1
17, 374, -1
17, 375, -1
17, 376, -1
17, 377, 0.531184
17, 378, -0.250061
17, 379, 0.415124
17, 380, 0.888305
17, 381, -1
17, 382, -1
17, 383, 0.455306
17, 384, -1
17, 385, -1
17, 386, -1
17, 387, -1
17, 388, -1
17, 389, -1
17, 390, -1
17, 391, -1
17, 392, -1
17, 393, -1
17, 394, -1
17, 395, -1
17, 396, -1
17, 397, -1
17, 398, 0.69639
17, 399, 0.821387
18, 0, -1
18, 1, -1
18, 2, -0.0940751
18, 3, 0.673288
18, 4, 0.780384
18, 5, 0.142408
18, 6, -0.143156
18, 7, 0.695639
18, 8, -1
18, 9, 0.642073
18, 10, -1
18, 11, 0.700107
18, 12, 0.463679
18, 13, 0.0666056
18, 14, 0.539481
18, 15, -0.0985284
18, 16, -1
18, 17, 0.396728
18, 18, 0.454726
18, 19, 0.793757
18, 20, -0.219008
18, 21, 0.280736
18, 22, -1
18, 23, -1
18, 24, -0.102985
18, 25, 0.700134
18, 26, 0.329819
18, 27, -0.169917
18, 28, -1
18, 29, 0.508277
18, 30, -1
18, 31, -1
18, 32, -1
18, 33, 0.436902
18, 34, 0.793829
18, 35, 0.45033
18, 36, 0.798294
18, 37, -1
18, 38, -1
18, 39, -1
18, 40, 0.325375
18, 41, 0.311991
18, 42, -1
18, 43, -1
18, 44, -1
18, 45, -1
18, 46, 0.517226
18, 47, -1
18, 48, 0.0755204
18, 49, 0.887538
18, 50, 0.914305
18, 51, 0.954453
18, 52, -1
18, 53, 0.972301
18, 54, 0.642195
18, 55, 0.312009
18, 56, -1
18, 57, -1
18, 58, -1
18, 59, -1
18, 60, 0.883102
18, 61, -1
18, 62, -1
18, 63, 0.79389
18, 64, 0.102308
18, 65, 0.758206
18, 66, 0.419103
18, 67, -1
18, 68, 0.820627
18, 69, 0.999105
18, 70, -1
18, 71, -1
18, 72, -1
18, 73, 0.958968
18, 74, 0.972353
18, 75, -1
18, 76, 0.900983
18, 77, 0.87422
18, 78, 0.490507
18, 79, -1
18, 80, -1
18, 81, -1
18, 82, 0.762702
18, 83, -1
18, 84, -1
18, 85, 0.633328
18, 86, 0.624367
18, 87, -1
18, 88, 0.999154
18, 89, -1
18, 90, 0.994658
18, 91, -1
18, 92, -1
18, 93, 0.428065
18, 94, 0.780572
18, 95, 0.76715
18, 96, -1
18, 97, -1
18, 98, 0.419149
18, 99, 0.825155
18, 100, -1
18, 101, -1
18, 102, 0.209438
18, 103, -1
18, 104, 0.503973
18, 105, -1
18, 106, -1
18, 107, 0.999202
18, 108, 0.365619
18, 109, -1
18, 110, 0.798451
18, 111, 0.392395
18, 112, -1
18, 113, 0.338853
18, 114, -1
18, 115, -1
18, 116, 0.999225
18, 117, 0.945693
18, 118, 0.847544
18, 119, 0.820737
18, 120, 0.731549
18, 121, -1
18, 122, 0.910014
18, 123, 0.379025
18, 124, -1
18, 125, -1
18, 126, 0.923407
18, 127, -1
18, 128, 0.562016
18, 129, -1
18, 130, 0.682489
18, 131, 0.508437
18, 132, -1
18, 133, -1
18, 134, 0.477207
18, 135, -1
18, 136, -1
18, 137, 0.914511
18, 138, 0.981436
18, 139, 0.972515
18, 140, 0.771744
18, 141, -1
18, 142, -1
18, 143, 0.749442
18, 144, 0.869911
18, 145, -1
18, 146, -1
18, 147, 0.329972
18, 148, 0.16044
18, 149, 0.883307
18, 150, -1
18, 151, -1
18, 152, -1
18, 153, -1
18, 154, 0.151521
18, 155, 0.32556
18, 156, -1
18, 157, 0.99933
18, 158, 0.780705
18, 159, 0.999335
18, 160, 0.941336
18, 161, 0.0979352
18, 162, -1
18, 163, -1
18, 164, 0.213967
18, 165, 0.584348
18, 166, -1
18, 167, 0.33446
18, 168, -0.0805325
18, 169, 0.611168
18, 170, -1
18, 171, -0.0939194
18, 172, -1
18, 173, -1
18, 174, -1
18, 175, -1
18, 176, -1
18, 177, 0.999381
18, 178, -1
18, 179, 0.999386
18, 180, -1
18, 181, -1
18, 182, 0.878921
18, 183, 0.521905
18, 184, -0.0136165
18, 185, 0.388034
18, 186, -1
18, 187, -1
18, 188, -1
18, 189, -1
18, 190, -1
18, 191, -1
18, 192, -1
18, 193, -1
18, 194, -1
18, 195, -1
18, 196, -1
18, 197, -1
18, 198, 0.959276
18, 199, 0.986051
18, 200, 0.633535
18, 201, 0.97267
18, 202, 0.388057
18, 203, 0.914667
18, 204, 0.883434
18, 205, 0.999453
18, 206, -1
18, 207, -1
18, 208, -1
18, 209, -1
18, 210, -0.125135
18, 211, -1
18, 212, -1
18, 213, -1
18, 214, -1
18, 215, -1
18, 216, -1
18, 217, 0.999483
18, 218, 0.999486
18, 219, -1
18, 220, 0.517502
18, 221, 0.209567
18, 222, 0.905787
18, 223, -1
18, 224, -1
18, 225, -1
18, 226, 0.789772
18, 227, 0.303296
18, 228, -0.134091
18, 229, -1
18, 230, -1
18, 231, -1
18, 232, -1
18, 233, -0.116234
18, 234, -1
18, 235, -1
18, 236, -1
18, 237, 0.736244
18, 238, 0.999537
18, 239, -1
18, 240, 0.798687
18, 241, 0.405962
18, 242, 0.602371
18, 243, 0.887986
18, 244, 0.597871
18, 245, -1
18, 246, 0.914769
18, 247, -1
18, 248, -0.00906291
18, 249, -1
18, 250, -1
18, 251, -1
18, 252, -1
18, 253, -1
18, 254, -1
18, 255, -1
18, 256, -1
18, 257, 0.870167
18, 258, 0.999588
18, 259, 0.999591
18, 260, -1
18, 261, 0.133734
18, 262, 0.874642
18, 263, 0.919272
18, 264, 0.954976
18, 265, 0.2721
18, 266, 0.767542
18, 267, 0.472985
18, 268, -1
18, 269, -1
18, 270, -1
18, 271, -0.111745
18, 272, -0.0626462
18, 273, -1
18, 274, 0.214128
18, 275, 0.365881
18, 276, 0.548832
18, 277, 0.999637
18, 278, 0.999639
18, 279, -1
18, 280, 0.892535
18, 281, 0.691701
18, 282, 0.99965
18, 283, -1
18, 284, 0.999655
18, 285, 0.830064
18, 286, -1
18, 287, 0.276629
18, 288, -1
18, 289, -1
18, 290, -1
18, 291, -1
18, 292, -1
18, 293, -1
18, 294, 0.821157
18, 295, 0.459597
18, 296, 0.575645
18, 297, 0.999688
18, 298, 0.669377
18, 299, -1
18, 300, -1
18, 301, -1
18, 302, 0.807785
18, 303, 0.655996
18, 304, 0.986317
18, 305, 0.240902
18, 306, -1
18, 307, -1
18, 308, 0.129357
18, 309, -0.0938251
18, 310, 0.325715
18, 311, 0.272154
18, 312, -1
18, 313, 0.981876
18, 314, 0.669407
18, 315, -1
18, 316, 0.789921
18, 317, 0.941717
18, 318, 0.999742
18, 319, 0.910478
18, 320, 0.999747
18, 321, -1
18, 322, 0.950655
18, 323, -1
18, 324, -1
18, 325, 0.959589
18, 326, 0.995299
18, 327, 0.638227
18, 328, -1
18, 329, -1
18, 330, -0.23223
18, 331, 0.990848
18, 332, -1
18, 333, -1
18, 334, -1
18, 335, 0.691804
18, 336, 0.660521
18, 337, -1
18, 338, -1
18, 339, 0.129346
18, 340, 0.999798
18, 341, 0.410565
18, 342, -1
18, 343, 0.999806
18, 344, -1
18, 345, -1
18, 346, 0.450745
18, 347, -1
18, 348, -1
18, 349, -1
18, 350, 0.874842
18, 351, -1
18, 352, -1
18, 353, 0.312378
18, 354, 0.678449
18, 355, -1
18, 356, 0.691844
18, 357, 0.43737
18, 358, 0.357023
18, 359, 0.816794
18, 360, -1
18, 361, 0.968606
18, 362, 0.575756
18, 363, 0.557903
18, 364, -1
18, 365, 0.999862
18, 366, -1
18, 367, 0.973084
18, 368, 0.66058
18, 369, -1
18, 370, -1
18, 371, 0.763294
18, 372, 0.602597
18, 373, 0.486537
18, 374, 0.571353
18, 375, 0.807901
18, 376, 0.848119
18, 377, -1
18, 378, 0.830267
18, 379, 0.825806
18, 380, -1
18, 381, 0.571324
18, 382, 0.883843
18, 383, -1
18, 384, 0.843672
18, 385, -1
18, 386, -1
18, 387, -1
18, 388, 0.0222555
18, 389, 0.656154
18, 390, 0.946358
18, 391, 0.687447
18, 392, -1
18, 393, -1
18, 394, 0.499961
18, 395, -1
18, 396, 0.946372
18, 397, -1
18, 398, 0.991018
18, 399, -1
19, 0, -1
19, 1, -0.0851522
19, 2, -1
19, 3, 0.187022
19, 4, -1
19, 5, 0.753621
19, 6, -1
19, 7, 0.115639
19, 8, 0.664414
19, 9, -1
19, 10, -1
19, 11, -1
19, 12, 0.320877
19, 13, 0.419067
19, 14, -1
19, 15, 0.909759
19, 16, 0.936523
19, 17, -0.20116
19, 18, -1
19, 19, -1
19, 20, 0.932032
19, 21, -1
19, 22, -1
19, 23, 0.726893
19, 24, 0.878517
19, 25, 0.851796
19, 26, -1
19, 27, -1
19, 28, 0.740285
19, 29, -0.0851328
19, 30, -1
19, 31, 0.428016
19, 32, 0.588621
19, 33, -1
19, 34, -1
19, 35, 0.459211
19, 36, 0.994558
19, 37, -0.000345456
19, 38, -1
19, 39, -1
19, 40, -1
19, 41, -1
19, 42, -1
19, 43, -1
19, 44, 0.811651
19, 45, 0.905369
19, 46, -1
19, 47, 0.0621324
19, 48, -1
19, 49, -1
19, 50, 0.405735
19, 51, 0.053252
19, 52, -1
19, 53, -1
19, 54, -1
19, 55, 0.95
19, 56, -1
19, 57, -1
19, 58, 0.249546
19, 59, 0.905362
19, 60, 0.749272
19, 61, 0.646627
19, 62, -1
19, 63, 0.655553
19, 64, -1
19, 65, -1
19, 66, -1
19, 67, -0.0940314
19, 68, -1
19, 69, -1
19, 70, -1
19, 71, -1
19, 72, 0.231754
19, 73, -1
19, 74, -1
19, 75, 0.932165
19, 76, -1
19, 77, 0.633272
19, 78, -1
19, 79, 0.985746
19, 80, 0.686814
19, 81, 0.450355
19, 82, -1
19, 83, 0.673435
19, 84, 0.267464
19, 85, 0.767127
19, 86, 0.887621
19, 87, 0.227309
19, 88, 0.106832
19, 89, -1
19, 90, -1
19, 91, -1
19, 92, 0.0443627
19, 93, -0.120789
19, 94, 0.669035
19, 95, 0.909948
19, 96, 0.762729
19, 97, 0.789499
19, 98, -1
19, 99, -1
19, 100, -0.218965
19, 101, 0.606545
19, 102, 0.160352
19, 103, 0.0443318
19, 104, 0.615474
19, 105, 0.280835
19, 106, 0.26749
19, 107, -1
19, 108, -1
19, 109, -1
19, 110, -1
19, 111, -1
19, 112, -1
19, 113, -0.120776
19, 114, 0.459368
19, 115, 0.526258
19, 116, 0.512914
19, 117, 0.41025
19, 118, -1
19, 119, 0.459335
19, 120, 0.789547
19, 121, 0.499496
19, 122, 0.695857
19, 123, -1
19, 124, 0.294284
19, 125, 0.459384
19, 126, 0.289824
19, 127, -0.111801
19, 128, -1
19, 129, -1
19, 130, -0.0850628
19, 131, -0.0448975
19, 132, -1
19, 133, 0.325531
19, 134, 0.32107
19, 135, 0.673573
19, 136, -0.259112
19, 137, 0.00419689
19, 138, -1
19, 139, -1
19, 140, 0.637887
19, 141, -1
19, 142, 0.445983
19, 143, -0.0672025
19, 144, 0.307655
19, 145, -1
19, 146, -1
19, 147, -1
19, 148, 0.374636
19, 149, -0.134101
19, 150, 0.164904
19, 151, -1
19, 152, -1
19, 153, 0.285354
19, 154, 0.245193
19, 155, -1
19, 156, -1
19, 157, -1
19, 158, 0.392458
19, 159, -1
19, 160, -1
19, 161, -1
19, 162, 0.606652
19, 163, -1
19, 164, 0.7004
19, 165, -1
19, 166, 0.798568
19, 167, -1
19, 168, 0.691483
19, 169, 0.794112
19, 170, -1
19, 171, 0.0443899
19, 172, 0.428217
19, 173, 0.999368
19, 174, -1
19, 175, 0.0354676
19, 176, -0.00469765
19, 177, 0.383599
19, 178, 0.544208
19, 179, -1
19, 180, 0.178282
19, 181, 0.169358
19, 182, -1
19, 183, 0.660236
19, 184, 0.178326
19, 185, 0.566571
19, 186, 0.178288
19, 187, 0.111347
19, 188, 0.767379
19, 189, -1
19, 190, 0.999412
19, 191, -0.134115
19, 192, -1
19, 193, -1
19, 194, 0.70488
19, 195, 0.459448
19, 196, 0.160447
19, 197, 0.660302
19, 198, 0.838796
19, 199, -1
19, 200, 0.794178
19, 201, 0.972667
19, 202, 0.602259
19, 203, -1
19, 204, -1
19, 205, -0.00467471
19, 206, -1
19, 207, 0.749569
19, 208, -1
19, 209, 0.597809
19, 210, 0.36133
19, 211, -1
19, 212, 0.428274
19, 213, -1
19, 214, 0.43274
19, 215, -0.116246
19, 216, -0.0760768
19, 217, -1
19, 218, -1
19, 219, -0.2189
19, 220, -1
19, 221, 0.700469
19, 222, 0.0533597
19, 223, -1
19, 224, 0.937026
19, 225, 0.544284
19, 226, -1
19, 227, -1
19, 228, 0.999509
19, 229, -1
19, 230, -1
19, 231, -1
19, 232, 0.932583
19, 233, -0.205502
19, 234, 0.223009
19, 235, -1
19, 236, -0.0179996
19, 237, -1
19, 238, 0.91921
19, 239, 0.995075
19, 240, 0.937065
19, 241, 0.236366
19, 242, -1
19, 243, 0.423815
19, 244, 0.455057
19, 245, 0.767497
19, 246, -1
19, 247, 0.794277
19, 248, 0.919234
19, 249, -1
19, 250, 0.655937
19, 251, -1
19, 252, 0.307788
19, 253, -1
19, 254, -1
19, 255, -1
19, 256, 0.620245
19, 257, 0.312258
19, 258, -1
19, 259, -1
19, 260, 0.173902
19, 261, -1
19, 262, -1
19, 263, -1
19, 264, 0.557777
19, 265, -1
19, 266, -1
19, 267, 0.544353
19, 268, 0.455133
19, 269, 0.664898
19, 270, -1
19, 271, 0.00430439
19, 272, 0.51316
19, 273, -1
19, 274, 0.0891524
19, 275, -1
19, 276, 0.517629
19, 277, 0.522094
19, 278, -1
19, 279, -1
19, 280, 0.423868
19, 281, 0.999645
19, 282, 0.905926
19, 283, -1
19, 284, -1
19, 285, 0.981803
19, 286, 0.999657
19, 287, 0.736342
19, 288, -1
19, 289, 0.763124
19, 290, 0.316802
19, 291, 0.240885
19, 292, 0.348048
19, 293, 0.0222166
19, 294, -0.111691
19, 295, -0.169758
19, 296, -1
19, 297, 0.624741
19, 298, -1
19, 299, 0.834556
19, 300, -1
19, 301, -1
19, 302, -1
19, 303, -1
19, 304, -1
19, 305, 0.548919
19, 306, -1
19, 307, -1
19, 308, -1
19, 309, -1
19, 310, -1
19, 311, 0.749779
19, 312, -1
19, 313, -1
19, 314, 0.160607
19, 315, 0.63374
19, 316, -1
19, 317, 0.906008
19, 318, 0.937253
19, 319, -0.013512
19, 320, 0.906015
19, 321, 0.348046
19, 322, 0.990823
19, 323, -1
19, 324, -1
19, 325, -1
19, 326, 0.316847
19, 327, -1
19, 328, 0.455221
19, 329, 0.477541
19, 330, 0.432866
19, 331, -1
19, 332, -0.0491719
19, 333, -1
19, 334, 0.294539
19, 335, -1
19, 336, -1
19, 337, -1
19, 338, 0.727516
19, 339, 0.441806
19, 340, -1
19, 341, 0.937309
19, 342, 0.0534636
19, 343, -1
19, 344, -1
19, 345, -1
19, 346, -1
19, 347, -1
19, 348, 0.303443
19, 349, 0.0490058
19, 350, -1
19, 351, -1
19, 352, 0.075832
19, 353, -1
19, 354, -1
19, 355, -1
19, 356, -1
19, 357, 0.977521
19, 358, 0.88825
19, 359, 0.874861
19, 360, 0.361488
19, 361, 0.906071
19, 362, -1
19, 363, 0.919507
19, 364, -1
19, 365, 0.906121
19, 366, -1
19, 367, -1
19, 368, 0.303508
19, 369, 0.968623
19, 370, -1
19, 371, 0.790075
19, 372, -1
19, 373, 0.803471
19, 374, 0.799009
19, 375, 0.357044
19, 376, 0.397221
19, 377, -1
19, 378, 0.611493
19, 379, -1
19, 380, -1
19, 381, 0.9999
19, 382, -1
19, 383, -1
19, 384, 0.790062
19, 385, 0.99991
19, 386, -1
19, 387, 0.102607
19, 388, 0.557942
19, 389, -1
19, 390, -1
19, 391, 0.517811
19, 392, 0.691871
19, 393, -1
19, 394, 0.607097
19, 395, 0.254395
19, 396, 0.794552
19, 397, 0.151722
19, 398, 0.647241
19, 399, -1
20, 0, -1
20, 1, 0.923104
20, 2, -1
20, 3, -1
20, 4, 0.521618
20, 5, 0.584072
20, 6, 0.784845
20, 7, -1
20, 8, -1
20, 9, -1
20, 10, -1
20, 11, 0.0531762
20, 12, 0.294147
20, 13, 0.160301
20, 14, 0.383377
20, 15, 0.245074
20, 16, 0.651044
20, 17, -1
20, 18, -1
20, 19, -1
20, 20, 0.949912
20, 21, 0.753651
20, 22, 0.905313
20, 23, -1
20, 24, 0.998985
20, 25, 0.00410624
20, 26, -1
20, 27, -1
20, 28, 0.414626
20, 29, -1
20, 30, -1
20, 31, -0.183263
20, 32, -1
20, 33, -1
20, 34, -1
20, 35, 0.00415458
20, 36, -1
20, 37, 0.7358
20, 38, 0.548479
20, 39, 0.896431
20, 40, 0.593094
20, 41, 0.713544
20, 42, -0.0405019
20, 43, -1
20, 44, 0.999036
20, 45, -1
20, 46, -1
20, 47, -1
20, 48, 0.999046
20, 49, 0.187069
20, 50, -1
20, 51, -1
20, 52, -1
20, 53, 0.245118
20, 54, -1
20, 55, -1
20, 56, -1
20, 57, 0.088913
20, 58, 0.762608
20, 59, 0.869713
20, 60, 0.909863
20, 61, 0.610975
20, 62, 0.570785
20, 63, -1
20, 64, 0.927675
20, 65, 0.99909
20, 66, 0.999092
20, 67, 0.999095
20, 68, -1
20, 69, 0.887579
20, 70, 0.691295
20, 71, -1
20, 72, -1
20, 73, 0.428074
20, 74, 0.83852
20, 75, -1
20, 76, 0.744841
20, 77, 0.990199
20, 78, 0.999123
20, 79, 0.816185
20, 80, -1
20, 81, 0.70912
20, 82, 0.900993
20, 83, 0.869768
20, 84, -1
20, 85, 0.999141
20, 86, -1
20, 87, 0.999146
20, 88, 0.999149
20, 89, 0.959002
20, 90, -1
20, 91, 0.967929
20, 92, 0.633337
20, 93, 0.967934
20, 94, 0.950093
20, 95, 0.918867
20, 96, -1
20, 97, 0.967944
20, 98, -1
20, 99, -1
20, 100, 0.945646
20, 101, 0.892115
20, 102, 0.405766
20, 103, 0.695819
20, 104, 0.236211
20, 105, -1
20, 106, -1
20, 107, 0.954586
20, 108, 0.927821
20, 109, 0.999202
20, 110, -1
20, 111, 0.999207
20, 112, 0.99921
20, 113, 0.82076
20, 114, 0.999215
20, 115, 0.927838
20, 116, 0.869843
20, 117, -1
20, 118, -1
20, 119, -1
20, 120, -0.205566
20, 121, -1
20, 122, -1
20, 123, 0.794013
20, 124, 0.758322
20, 125, -1
20, 126, -1
20, 127, 0.923405
20, 128, 0.878793
20, 129, 0.999253
20, 130, 0.999256
20, 131, -1
20, 132, 0.807417
20, 133, 0.927881
20, 134, -1
20, 135, 0.923424
20, 136, -1
20, 137, -1
20, 138, -1
20, 139, 0.811853
20, 140, -0.0939822
20, 141, 0.486139
20, 142, -1
20, 143, 0.423712
20, 144, 0.905599
20, 145, 0.736056
20, 146, 0.499573
20, 147, -1
20, 148, 0.999302
20, 149, 0.878841
20, 150, -1
20, 151, -1
20, 152, 0.950235
20, 153, 0.892235
20, 154, 0.941316
20, 155, 0.923472
20, 156, -1
20, 157, 0.999325
20, 158, 0.994866
20, 159, 0.24966
20, 160, 0.999333
20, 161, -1
20, 162, 0.999338
20, 163, -1
20, 164, 0.999343
20, 165, -1
20, 166, 0.602235
20, 167, -1
20, 168, -1
20, 169, -1
20, 170, -1
20, 171, -1
20, 172, -1
20, 173, 0.999366
20, 174, -1
20, 175, 0.798585
20, 176, 0.945831
20, 177, 0.597752
20, 178, 0.709309
20, 179, -1
20, 180, -1
20, 181, 0.941382
20, 182, 0.579911
20, 183, 0.999391
20, 184, -1
20, 185, 0.655816
20, 186, -1
20, 187, -1
20, 188, -1
20, 189, -1
20, 190, -1
20, 191, -1
20, 192, 0.999414
20, 193, -1
20, 194, 0.142633
20, 195, 0.758467
20, 196, -1
20, 197, -1
20, 198, -1
20, 199, -0.183205
20, 200, -1
20, 201, 0.709394
20, 202, 0.870038
20, 203, -1
20, 204, -1
20, 205, 0.120329
20, 206, -1
20, 207, -1
20, 208, -1
20, 209, -1
20, 210, -1
20, 211, -1
20, 212, -1
20, 213, 0.856676
20, 214, -1
20, 215, -1
20, 216, 0.812059
20, 217, -1
20, 218, 0.495222
20, 219, 0.339027
20, 220, -0.0716115
20, 221, -0.0448315
20, 222, -0.196582
20, 223, 0.847774
20, 224, -1
20, 225, -1
20, 226, -1
20, 227, -1
20, 228, -1
20, 229, -1
20, 230, -1
20, 231, -1
20, 232, -1
20, 233, 0.847796
20, 234, -1
20, 235, -1
20, 236, 0.807639
20, 237, 0.33905
20, 238, -1
20, 239, 0.111435
20, 240, -1
20, 241, -1
20, 242, -1
20, 243, -1
20, 244, -0.0760175
20, 245, -1
20, 246, -1
20, 247, -1
20, 248, -1
20, 249, -1
20, 250, 0.937087
20, 251, -1
20, 252, 0.789823
20, 253, 0.771974
20, 254, -1
20, 255, 0.803217
20, 256, -1
20, 257, -1
20, 258, -1
20, 259, -1
20, 260, 0.289944
20, 261, 0.200722
20, 262, -1
20, 263, -1
20, 264, -1
20, 265, -1
20, 266, -1
20, 267, -1
20, 268, 0.64258
20, 269, 0.905893
20, 270, -1
20, 271, -1
20, 272, 0.901437
20, 273, -1
20, 274, -1
20, 275, -1
20, 276, -1
20, 277, -0.0313591
20, 278, 0.0355535
20, 279, 0.638136
20, 280, 0.919307
20, 281, -1
20, 282, -1
20, 283, -1
20, 284, 0.0177045
20, 285, -1
20, 286, 0.61133
20, 287, -1
20, 288, -1
20, 289, 0.90594
20, 290, -1
20, 291, 0.910408
20, 292, -1
20, 293, 0.999673
20, 294, 0.963971
20, 295, -1
20, 296, 0.0311454
20, 297, -1
20, 298, -1
20, 299, 0.321235
20, 300, 0.0757442
20, 301, -1
20, 302, -1
20, 303, 0.423939
20, 304, -1
20, 305, -1
20, 306, 0.834528
20, 307, -1
20, 308, -1
20, 309, -1
20, 310, -1
20, 311, -1
20, 312, -1
20, 313, -1
20, 314, -1
20, 315, -1
20, 316, -0.089358
20, 317, -1
20, 318, 0.196319
20, 319, 0.0757612
20, 320, 0.785503
20, 321, 0.307912
20, 322, -1
20, 323, 0.316842
20, 324, -1
20, 325, 0.999754
20, 326, 0.606977
20, 327, 0.995296
20, 328, 0.941738
20, 329, -1
20, 330, -1
20, 331, -1
20, 332, 0.709608
20, 333, -1
20, 334, -1
20, 335, -1
20, 336, -0.299147
20, 337, -1
20, 338, -1
20, 339, 0.790006
20, 340, 0.566788
20, 341, 0.343647
20, 342, 0.285579
20, 343, 0.124925
20, 344, 0.432925
20, 345, -1
20, 346, 0.294512
20, 347, -1
20, 348, 0.946251
20, 349, 0.897154
20, 350, 0.468644
20, 351, -1
20, 352, -1
20, 353, -1
20, 354, -1
20, 355, -1
20, 356, -1
20, 357, 0.0758355
20, 358, -1
20, 359, 0.776657
20, 360, 0.968598
20, 361, 0.174005
20, 362, -1
20, 363, -1
20, 364, 0.647218
20, 365, 0.174049
20, 366, 0.589191
20, 367, -1
20, 368, 0.249899
20, 369, 0.410642
20, 370, 0.249901
20, 371, -1
20, 372, -1
20, 373, -1
20, 374, 0.0534904
20, 375, -0.0402129
20, 376, 0.397219
20, 377, -1
20, 378, 0.258879
20, 379, 0.307944
20, 380, -1
20, 381, 0.999898
20, 382, 0.9999
20, 383, 0.999903
20, 384, 0.776709
20, 385, 0.883846
20, 386, 0.870456
20, 387, 0.450843
20, 388, -1
20, 389, -1
20, 390, 0.700833
20, 391, -1
20, 392, -1
20, 393, -0.0357757
20, 394, -1
20, 395, -1
20, 396, -1
20, 397, 0.620493
20, 398, -1
20, 399, 0.361538
21, 0, -1
21, 1, 0.936482
21, 2, 0.0844001
21, 3, 0.289634
21, 4, 0.856205
21, 5, 0.998934
21, 6, -1
21, 7, -1
21, 8, -1
21, 9, 0.833914
21, 10, 0.34764
21, 11, -1
21, 12, -1
21, 13, -1
21, 14, 0.998957
21, 15, 0.99896
21, 16, 0.967741
21, 17, 0.490409
21, 18, 0.967746
21, 19, 0.967748
21, 20, 0.383344
21, 21, -1
21, 22, 0.039799
21, 23, 0.686742
21, 24, 0.619831
21, 25, 0.606409
21, 26, 0.780424
21, 27, 0.88748
21, 28, -1
21, 29, 0.454778
21, 30, -1
21, 31, -1
21, 32, -1
21, 33, 0.753634
21, 34, 0.151358
21, 35, -1
21, 36, 0.267365
21, 37, 0.999016
21, 38, -1
21, 39, -1
21, 40, -1
21, 41, 0.802719
21, 42, -1
21, 43, -1
21, 44, 0.0219692
21, 45, -1
21, 46, -1
21, 47, -1
21, 48, -1
21, 49, 0.713558
21, 50, 0.55742
21, 51, 0.361078
21, 52, 0.347694
21, 53, -1
21, 54, -1
21, 55, -1
21, 56, 0.294159
21, 57, 0.967842
21, 58, -1
21, 59, 0.713537
21, 60, -1
21, 61, -0.272539
21, 62, 0.566322
21, 63, 0.655549
21, 64, 0.838496
21, 65, 0.552983
21, 66, -0.0940334
21, 67, -1
21, 68, -0.205595
21, 69, 0.320946
21, 70, -1
21, 71, 0.00860464
21, 72, -1
21, 73, -1
21, 74, 0.22279
21, 75, 0.432497
21, 76, -1
21, 77, 0.597618
21, 78, 0.753765
21, 79, -0.285918
21, 80, -1
21, 81, -1
21, 82, 0.704699
21, 83, 0.918837
21, 84, -1
21, 85, -1
21, 86, 0.28085
21, 87, 0.0309294
21, 88, 0.338858
21, 89, 0.521791
21, 90, -1
21, 91, 0.254084
21, 92, -1
21, 93, 0.463755
21, 94, -1
21, 95, 0.432566
21, 96, -1
21, 97, 0.825185
21, 98, 0.941178
21, 99, 0.789458
21, 100, -1
21, 101, 0.874267
21, 102, 0.847502
21, 103, -1
21, 104, -1
21, 105, -1
21, 106, 0.651207
21, 107, -1
21, 108, -1
21, 109, -1
21, 110, -1
21, 111, 0.410279
21, 112, -1
21, 113, -1
21, 114, -1
21, 115, 0.405783
21, 116, 0.892147
21, 117, 0.0889668
21, 118, -1
21, 119, 0.0443438
21, 120, -1
21, 121, 0.887697
21, 122, -1
21, 123, -1
21, 124, -1
21, 125, 0.999241
21, 126, 0.495079
21, 127, 0.294245
21, 128, 0.111289
21, 129, -1
21, 130, 0.976947
21, 131, -0.0359735
21, 132, 0.562017
21, 133, 0.396924
21, 134, -0.0538222
21, 135, -1
21, 136, -1
21, 137, -1
21, 138, 0.950198
21, 139, 0.999276
21, 140, 0.124688
21, 141, -1
21, 142, -1
21, 143, 0.633427
21, 144, 0.968059
21, 145, 0.999292
21, 146, -0.0359623
21, 147, 0.794062
21, 148, -1
21, 149, -0.0314972
21, 150, 0.637902
21, 151, -1
21, 152, -1
21, 153, -1
21, 154, -1
21, 155, 0.557553
21, 156, 0.637913
21, 157, 0.936859
21, 158, -1
21, 159, -1
21, 160, 0.798551
21, 161, -1
21, 162, -0.013636
21, 163, 0.419236
21, 164, 0.0800843
21, 165, -1
21, 166, -1
21, 167, -1
21, 168, -1
21, 169, -1
21, 170, 0.111329
21, 171, -0.232316
21, 172, -1
21, 173, 0.338966
21, 174, -1
21, 175, 0.45049
21, 176, -1
21, 177, -1
21, 178, -1
21, 179, -1
21, 180, 0.999381
21, 181, 0.615647
21, 182, -1
21, 183, 0.914612
21, 184, -1
21, 185, -1
21, 186, -1
21, 187, 0.651315
21, 188, 0.423734
21, 189, -1
21, 190, 0.338948
21, 191, -1
21, 192, 0.352379
21, 193, -1
21, 194, 0.504068
21, 195, -1
21, 196, 0.780778
21, 197, -1
21, 198, -1
21, 199, 0.905726
21, 200, 0.878955
21, 201, 0.597792
21, 202, -1
21, 203, 0.865535
21, 204, -0.0671604
21, 205, -1
21, 206, -1
21, 207, -1
21, 208, 0.0756609
21, 209, -1
21, 210, 0.60227
21, 211, -1
21, 212, -1
21, 213, 0.414844
21, 214, 0.829902
21, 215, -1
21, 216, 0.736196
21, 217, -1
21, 218, 0.999478
21, 219, -1
21, 220, 0.999483
21, 221, -0.209973
21, 222, -1
21, 223, 0.767407
21, 224, -1
21, 225, 0.941486
21, 226, 0.615686
21, 227, 0.624613
21, 228, 0.00873147
21, 229, 0.441644
21, 230, -0.218895
21, 231, -0.33048
21, 232, -1
21, 233, -1
21, 234, -1
21, 235, -1
21, 236, -1
21, 237, 0.812102
21, 238, 0.200656
21, 239, 0.151562
21, 240, -1
21, 241, 0.8969
21, 242, 0.397033
21, 243, -1
21, 244, -1
21, 245, -1
21, 246, -1
21, 247, -1
21, 248, 0.62469
21, 249, 0.303359
21, 250, -1
21, 251, 0.156078
21, 252, -1
21, 253, -1
21, 254, -1
21, 255, -1
21, 256, 0.575572
21, 257, -1
21, 258, 0.794296
21, 259, -0.00909695
21, 260, 0.691615
21, 261, 0.374784
21, 262, 0.173902
21, 263, 0.0801735
21, 264, -1
21, 265, -1
21, 266, 0.544348
21, 267, -1
21, 268, -1
21, 269, 0.584561
21, 270, 0.17395
21, 271, -1
21, 272, -0.201018
21, 273, -1
21, 274, -1
21, 275, 0.780943
21, 276, -1
21, 277, -1
21, 278, 0.0846504
21, 279, -1
21, 280, -1
21, 281, -1
21, 282, 0.98179
21, 283, -1
21, 284, -1
21, 285, -1
21, 286, -1
21, 287, 0.981803
21, 288, -1
21, 289, 0.196247
21, 290, 0.419456
21, 291, 0.633653
21, 292, 0.441735
21, 293, 0.455167
21, 294, -1
21, 295, 0.914837
21, 296, -1
21, 297, -1
21, 298, 0.535514
21, 299, 0.86133
21, 300, 0.798848
21, 301, -0.285812
21, 302, 0.897001
21, 303, -1
21, 304, -1
21, 305, 0.861343
21, 306, 0.794357
21, 307, -0.00905925
21, 308, 0.307895
21, 309, 0.151673
21, 310, -0.20546
21, 311, -0.125112
21, 312, 0.365926
21, 313, -1
21, 314, -0.0179811
21, 315, 0.865829
21, 316, -1
21, 317, -0.241167
21, 318, -0.308123
21, 319, -1
21, 320, -1
21, 321, -1
21, 322, 0.249845
21, 323, -0.285802
21, 324, -1
21, 325, -1
21, 326, 0.356977
21, 327, 0.441826
21, 328, -1
21, 329, -1
21, 330, -1
21, 331, -1
21, 332, -1
21, 333, 0.727502
21, 334, -1
21, 335, 0.959607
21, 336, -1
21, 337, 0.647126
21, 338, 0.812319
21, 339, -1
21, 340, -1
21, 341, -1
21, 342, 0.705162
21, 343, -1
21, 344, -1
21, 345, 0.941777
21, 346, 0.749846
21, 347, -1
21, 348, -1
21, 349, -1
21, 350, -1
21, 351, 0.299021
21, 352, 0.348124
21, 353, -1
21, 354, -1
21, 355, 0.432899
21, 356, 0.0981129
21, 357, 0.602525
21, 358, 0.120434
21, 359, 0.999839
21, 360, 0.999841
21, 361, 0.272209
21, 362, 0.709664
21, 363, -1
21, 364, 0.298996
21, 365, 0.276678
21, 366, 0.0266988
21, 367, 0.660613
21, 368, -1
21, 369, -1
21, 370, 0.490951
21, 371, -1
21, 372, -1
21, 373, -1
21, 374, -1
21, 375, -1
21, 376, 0.928461
21, 377, 0.946319
21, 378, -0.299168
21, 379, -1
21, 380, 0.915079
21, 381, -1
21, 382, -1
21, 383, 0.0490333
21, 384, -0.142921
21, 385, 0.68743
21, 386, -1
21, 387, -1
21, 388, -1
21, 389, -1
21, 390, -0.205415
21, 391, 0.477632
21, 392, 0.968675
21, 393, -1
21, 394, 0.64723
21, 395, -1
21, 396, 0.709731
21, 397, 0.906191
21, 398, 0.941906
21, 399, 0.736521
22, 0, 0.236092
22, 1, -1
22, 2, 0.838317
22, 3, 0.967706
22, 4, 0.998929
22, 5, 0.378861
22, 6, 0.517197
22, 7, 0.606376
22, 8, -1
22, 9, -1
22, 10, -1
22, 11, 0.075524
22, 12, -1
22, 13, -1
22, 14, -1
22, 15, -0.0583719
22, 16, 0.753597
22, 17, -0.1967
22, 18, -1
22, 19, 0.820552
22, 20, 0.940986
22, 21, 0.869622
22, 22, -0.062829
22, 23, -1
22, 24, 0.0710334
22, 25, -1
22, 26, 0.383351
22, 27, -1
22, 28, 0.307509
22, 29, 0.387856
22, 30, 0.280742
22, 31, 0.222782
22, 32, -1
22, 33, -1
22, 34, -1
22, 35, -1
22, 36, -1
22, 37, -1
22, 38, -1
22, 39, 0.0175022
22, 40, 0.999021
22, 41, -1
22, 42, 0.441371
22, 43, 0.999029
22, 44, -1
22, 45, 0.999034
22, 46, -1
22, 47, 0.936591
22, 48, 0.967818
22, 49, -1
22, 50, -1
22, 51, 0.954443
22, 52, -1
22, 53, 0.887538
22, 54, -1
22, 55, -1
22, 56, -1
22, 57, 0.111221
22, 58, -1
22, 59, 0.584161
22, 60, -1
22, 61, 0.936625
22, 62, 0.544014
22, 63, 0.99908
22, 64, 0.999082
22, 65, 0.999085
22, 66, -1
22, 67, 0.8385
22, 68, 0.87419
22, 69, 0.869731
22, 70, -1
22, 71, -1
22, 72, -1
22, 73, 0.954497
22, 74, -1
22, 75, 0.99911
22, 76, 0.847442
22, 77, -1
22, 78, 0.936666
22, 79, -1
22, 80, 0.410194
22, 81, -1
22, 82, 0.329885
22, 83, -1
22, 84, 0.999133
22, 85, 0.999136
22, 86, -1
22, 87, 0.999141
22, 88, -1
22, 89, 0.945615
22, 90, -1
22, 91, 0.999151
22, 92, -1
22, 93, 0.999156
22, 94, 0.602066
22, 95, 0.981317
22, 96, -1
22, 97, -1
22, 98, 0.245126
22, 99, 0.999172
22, 100, -1
22, 101, 0.481613
22, 102, -1
22, 103, 0.691354
22, 104, 0.811774
22, 105, 0.999187
22, 106, 0.901044
22, 107, -1
22, 108, 0.896587
22, 109, -1
22, 110, 0.548554
22, 111, 0.999202
22, 112, -1
22, 113, -1
22, 114, 0.829681
22, 115, 0.976907
22, 116, 0.94568
22, 117, -1
22, 118, -1
22, 119, 0.686923
22, 120, 0.923384
22, 121, -0.0939966
22, 122, 0.307624
22, 123, 0.999233
22, 124, -1
22, 125, -1
22, 126, -1
22, 127, 0.423686
22, 128, 0.173763
22, 129, -1
22, 130, 0.75833
22, 131, -1
22, 132, 0.838644
22, 133, 0.994797
22, 134, -1
22, 135, 0.994802
22, 136, 0.968036
22, 137, 0.628953
22, 138, 0.968041
22, 139, 0.361193
22, 140, 0.624496
22, 141, -1
22, 142, -1
22, 143, 0.383549
22, 144, -1
22, 145, 0.660201
22, 146, -1
22, 147, 0.182747
22, 148, 0.486187
22, 149, -1
22, 150, -1
22, 151, -1
22, 152, 0.829764
22, 153, 0.794072
22, 154, 0.570977
22, 155, -1
22, 156, 0.950239
22, 157, 0.959165
22, 158, -1
22, 159, -1
22, 160, -1
22, 161, -1
22, 162, -1
22, 163, -1
22, 164, -1
22, 165, -1
22, 166, -1
22, 167, -1
22, 168, -1
22, 169, -1
22, 170, -1
22, 171, -1
22, 172, 0.414826
22, 173, 0.999361
22, 174, -1
22, 175, -1
22, 176, 0.825355
22, 177, -1
22, 178, -0.205534
22, 179, -1
22, 180, -1
22, 181, 0.468347
22, 182, -0.227848
22, 183, 0.0176201
22, 184, -1
22, 185, -1
22, 186, -1
22, 187, -1
22, 188, -1
22, 189, -1
22, 190, -1
22, 191, 0.365764
22, 192, 0.727221
22, 193, -1
22, 194, 0.999414
22, 195, 0.999417
22, 196, -1
22, 197, 0.669221
22, 198, 0.21404
22, 199, -1
22, 200, 0.972657
22, 201, -0.00468025
22, 202, 0.298797
22, 203, 0.499659
22, 204, -1
22, 205, -1
22, 206, -1
22, 207, -1
22, 208, -1
22, 209, -1
22, 210, -1
22, 211, -1
22, 212, 0.99946
22, 213, 0.829898
22, 214, -1
22, 215, 0.789741
22, 216, -1
22, 217, 0.825404
22, 218, 0.441667
22, 219, 0.999478
22, 220, 0.887924
22, 221, 0.47287
22, 222, -1
22, 223, -1
22, 224, -1
22, 225, -1
22, 226, -1
22, 227, -0.0716079
22, 228, -1
22, 229, -1
22, 230, 0.691556
22, 231, -1
22, 232, -1
22, 233, 0.999514
22, 234, -1
22, 235, 0.999519
22, 236, -1
22, 237, 0.700535
22, 238, -1
22, 239, -0.223354
22, 240, -1
22, 241, 0.222973
22, 242, -0.000144224
22, 243, -1
22, 244, -1
22, 245, -1
22, 246, -1
22, 247, -1
22, 248, 0.696093
22, 249, 0.874603
22, 250, 0.651469
22, 251, 0.705024
22, 252, 0.887998
22, 253, -1
22, 254, 0.919241
22, 255, 0.722883
22, 256, 0.303367
22, 257, -1
22, 258, 0.289939
22, 259, -1
22, 260, 0.798761
22, 261, 0.205183
22, 262, -1
22, 263, -1
22, 264, 0.240851
22, 265, 0.713977
22, 266, 0.133776
22, 267, 0.664849
22, 268, -1
22, 269, -1
22, 270, 0.874651
22, 271, 0.602414
22, 272, 0.879118
22, 273, 0.946063
22, 274, -1
22, 275, -1
22, 276, -1
22, 277, -1
22, 278, -1
22, 279, 0.999632
22, 280, -1
22, 281, 0.700619
22, 282, 0.620286
22, 283, -1
22, 284, -1
22, 285, -1
22, 286, -1
22, 287, -1
22, 288, -1
22, 289, -1
22, 290, 0.86577
22, 291, -1
22, 292, 0.767587
22, 293, -1
22, 294, -1
22, 295, -1
22, 296, -0.102804
22, 297, 0.481951
22, 298, -1
22, 299, -1
22, 300, 0.017716
22, 301, -1
22, 302, -1
22, 303, -0.285812
22, 304, -1
22, 305, -0.102798
22, 306, 0.352526
22, 307, -1
22, 308, 0.852422
22, 309, 0.901519
22, 310, 0.910448
22, 311, 0.548923
22, 312, -1
22, 313, -1
22, 314, -1
22, 315, -1
22, 316, -1
22, 317, 0.307905
22, 318, 0.731934
22, 319, 0.437309
22, 320, 0.22306
22, 321, -1
22, 322, -0.080468
22, 323, -1
22, 324, -1
22, 325, -1
22, 326, 0.330234
22, 327, 0.950658
22, 328, 0.763198
22, 329, -1
22, 330, 0.763162
22, 331, 0.321273
22, 332, 0.642692
22, 333, 0.0847398
22, 334, -1
22, 335, -1
22, 336, 0.0222496
22, 337, 0.718541
22, 338, 0.562318
22, 339, -1
22, 340, -1
22, 341, -1
22, 342, 0.187375
22, 343, -1
22, 344, 0.455241
22, 345, -1
22, 346, -1
22, 347, -1
22, 348, -1
22, 349, -1
22, 350, 0.70968
22, 351, -1
22, 352, 0.70522
22, 353, -1
22, 354, 0.428473
22, 355, 0.718576
22, 356, 0.160606
22, 357, 0.540031
22, 358, -1
22, 359, 0.968591
22, 360, 0.910566
22, 361, 0.81679
22, 362, -1
22, 363, 0.522186
22, 364, -1
22, 365, -1
22, 366, 0.705247
22, 367, -1
22, 368, 0.92844
22, 369, -1
22, 370, -1
22, 371, 0.803461
22, 372, -1
22, 373, 0.718612
22, 374, -1
22, 375, 0.0133538
22, 376, -0.0625742
22, 377, -1
22, 378, 0.749909
22, 379, -1
22, 380, 0.879366
22, 381, -1
22, 382, 0.999895
22, 383, -1
22, 384, 0.874911
22, 385, -1
22, 386, 0.915091
22, 387, -1
22, 388, 0.99991
22, 389, -1
22, 390, -1
22, 391, -1
22, 392, 0.174035
22, 393, -1
22, 394, 0.0981874
22, 395, 0.290145
22, 396, -1
22, 397, -1
22, 398, 0.37939
22, 399, 0.249973
23, 0, -1
23, 1, 0.36105
23, 2, -0.245794
23, 3, -0.12085
23, 4, -1
23, 5, -1
23, 6, 0.521656
23, 7, 0.490431
23, 8, -1
23, 9, 0.766962
23, 10, -1
23, 11, 0.936502
23, 12, 0.940964
23, 13, 0.998949
23, 14, -1
23, 15, -1
23, 16, 0.441372
23, 17, 0.561823
23, 18, 0.231649
23, 19, 0.62874
23, 20, 0.882999
23, 21, 0.865119
23, 22, -1
23, 23, -1
23, 24, 0.191501
23, 25, 0.0130682
23, 26, -1
23, 27, -0.241279
23, 28, -1
23, 29, 0.196008
23, 30, 0.936548
23, 31, -1
23, 32, -1
23, 33, 0.918713
23, 34, 0.169203
23, 35, -1
23, 36, 0.0398495
23, 37, -1
23, 38, 0.231712
23, 39, 0.535092
23, 40, 0.905348
23, 41, -1
23, 42, 0.124592
23, 43, -1
23, 44, 0.213872
23, 45, -1
23, 46, -1
23, 47, -1
23, 48, 0.196029
23, 49, -0.116318
23, 50, -1
23, 51, -1
23, 52, 0.976746
23, 53, -1
23, 54, -0.094043
23, 55, 0.0666383
23, 56, -0.0181421
23, 57, -0.259113
23, 58, 0.133532
23, 59, 0.222771
23, 60, 0.428011
23, 61, 0.651121
23, 62, 0.25851
23, 63, 0.200507
23, 64, -1
23, 65, 0.294208
23, 66, -1
23, 67, -1
23, 68, 0.811734
23, 69, 0.593139
23, 70, 0.999095
23, 71, -1
23, 72, 0.726982
23, 73, -1
23, 74, 0.450339
23, 75, 0.231713
23, 76, -1
23, 77, 0.0621955
23, 78, -1
23, 79, -1
23, 80, 0.42804
23, 81, -1
23, 82, -0.165425
23, 83, 0.338849
23, 84, -1
23, 85, 0.129096
23, 86, 0.138061
23, 87, -0.0939801
23, 88, -1
23, 89, -1
23, 90, -1
23, 91, 0.954539
23, 92, 0.4861
23, 93, 0.570872
23, 94, -1
23, 95, -1
23, 96, -1
23, 97, -1
23, 98, -1
23, 99, -1
23, 100, 0.941178
23, 101, -1
23, 102, 0.0130905
23, 103, 0.553043
23, 104, 0.695815
23, 105, 0.46377
23, 106, 0.472736
23, 107, -1
23, 108, -1
23, 109, 0.999195
23, 110, -1
23, 111, 0.936743
23, 112, 0.878749
23, 113, 0.767217
23, 114, -0.0181375
23, 115, 0.115778
23, 116, -1
23, 117, 0.222876
23, 118, -1
23, 119, 0.298735
23, 120, 0.963533
23, 121, 0.94569
23, 122, -1
23, 123, -1
23, 124, -1
23, 125, -1
23, 126, -1
23, 127, -1
23, 128, -1
23, 129, 0.999246
23, 130, 0.999248
23, 131, -1
23, 132, 0.843103
23, 133, 0.999256
23, 134, -1
23, 135, -1
23, 136, -1
23, 137, -1
23, 138, -1
23, 139, 0.303182
23, 140, 0.249635
23, 141, 0.490596
23, 142, -1
23, 143, -1
23, 144, 0.0488664
23, 145, -1
23, 146, -1
23, 147, -1
23, 148, -1
23, 149, 0.999297
23, 150, 0.999299
23, 151, 0.905609
23, 152, -1
23, 153, 0.92346
23, 154, 0.133665
23, 155, -1
23, 156, 0.570978
23, 157, -1
23, 158, -1
23, 159, -1
23, 160, 0.69142
23, 161, 0.941326
23, 162, -1
23, 163, -0.125209
23, 164, -0.201039
23, 165, -1
23, 166, -1
23, 167, -1
23, 168, -1
23, 169, 0.932422
23, 170, 0.999351
23, 171, 0.905656
23, 172, -1
23, 173, -1
23, 174, -1
23, 175, 0.316654
23, 176, 0.276452
23, 177, -1
23, 178, -0.156441
23, 179, 0.18274
23, 180, 0.883367
23, 181, 0.981531
23, 182, -1
23, 183, -0.25909
23, 184, -1
23, 185, -1
23, 186, -1
23, 187, -1
23, 188, -1
23, 189, 0.495132
23, 190, -1
23, 191, 0.901241
23, 192, -1
23, 193, -1
23, 194, -1
23, 195, -0.147464
23, 196, -1
23, 197, 0.571047
23, 198, -1
23, 199, -1
23, 200, 0.303257
23, 201, -1
23, 202, 0.932501
23, 203, -1
23, 204, -1
23, 205, -1
23, 206, -1
23, 207, -1
23, 208, -1
23, 209, 0.99945
23, 210, -1
23, 211, 0.812042
23, 212, 0.936987
23, 213, 0.133723
23, 214, -1
23, 215, 0.397034
23, 216, 0.196167
23, 217, 0.995008
23, 218, -1
23, 219, -1
23, 220, -1
23, 221, -1
23, 222, 0.539851
23, 223, -1
23, 224, -1
23, 225, -1
23, 226, -1
23, 227, -1
23, 228, 0.999499
23, 229, -1
23, 230, -1
23, 231, -1
23, 232, -1
23, 233, -1
23, 234, -1
23, 235, 0.539831
23, 236, -1
23, 237, 0.821023
23, 238, -1
23, 239, -0.0805267
23, 240, -0.267989
23, 241, -0.00911266
23, 242, 0.544346
23, 243, -0.0626303
23, 244, 0.325626
23, 245, -1
23, 246, -1
23, 247, 0.999547
23, 248, -1
23, 249, -1
23, 250, 0.896916
23, 251, 0.825516
23, 252, -1
23, 253, -0.223347
23, 254, -1
23, 255, 0.526515
23, 256, -1
23, 257, -1
23, 258, -1
23, 259, -1
23, 260, -1
23, 261, -1
23, 262, 0.981735
23, 263, 0.655954
23, 264, -1
23, 265, -1
23, 266, -1
23, 267, -1
23, 268, 0.999601
23, 269, 0.950514
23, 270, 0.847872
23, 271, -1
23, 272, 0.245363
23, 273, -1
23, 274, 0.401538
23, 275, -1
23, 276, 0.441709
23, 277, 0.722925
23, 278, 0.647055
23, 279, -1
23, 280, 0.910375
23, 281, 0.651484
23, 282, -1
23, 283, -0.245609
23, 284, 0.281083
23, 285, -1
23, 286, 0.901463
23, 287, -1
23, 288, -1
23, 289, 0.972877
23, 290, 0.874694
23, 291, 0.419455
23, 292, -1
23, 293, -1
23, 294, -1
23, 295, -1
23, 296, -1
23, 297, -1
23, 298, -1
23, 299, 0.464059
23, 300, 0.61139
23, 301, 0.477452
23, 302, 0.499811
23, 303, -1
23, 304, -0.15186
23, 305, -1
23, 306, 0.785427
23, 307, -1
23, 308, 0.93722
23, 309, 0.910443
23, 310, 0.87474
23, 311, -1
23, 312, -1
23, 313, -1
23, 314, -1
23, 315, 0.303438
23, 316, -1
23, 317, 0.29005
23, 318, -1
23, 319, 0.348078
23, 320, -0.272413
23, 321, -1
23, 322, -1
23, 323, -1
23, 324, -1
23, 325, -1
23, 326, -1
23, 327, 0.856925
23, 328, -1
23, 329, 0.901563
23, 330, -1
23, 331, 0.727495
23, 332, -1
23, 333, -1
23, 334, -1
23, 335, -0.00457504
23, 336, -1
23, 337, 0.169554
23, 338, 0.343639
23, 339, 0.856952
23, 340, -1
23, 341, -1
23, 342, 0.495409
23, 343, -1
23, 344, -1
23, 345, 0.714131
23, 346, 0.584648
23, 347, -1
23, 348, 0.540055
23, 349, 0.33919
23, 350, -1
23, 351, 0.848052
23, 352, -1
23, 353, -1
23, 354, -1
23, 355, -1
23, 356, -1
23, 357, -0.308066
23, 358, 0.406158
23, 359, -1
23, 360, 0.892709
23, 361, 0.72309
23, 362, -1
23, 363, -1
23, 364, 0.232076
23, 365, -1
23, 366, -1
23, 367, -0.142933
23, 368, 0.241008
23, 369, 0.642717
23, 370, 0.999862
23, 371, 0.803458
23, 372, 0.361498
23, 373, 0.455282
23, 374, -1
23, 375, 0.0892006
23, 376, 0.107098
23, 377, 0.0758508
23, 378, 0.763299
23, 379, -1
23, 380, 0.968641
23, 381, 0.843614
23, 382, 0.839193
23, 383, 0.241025
23, 384, -1
23, 385, 0.281163
23, 386, 0.999903
23, 387, -1
23, 388, 0.999908
23, 389, -1
23, 390, -1
23, 391, 0.879389
23, 392, -1
23, 393, -0.0625627
23, 394, -1
23, 395, -0.187557
23, 396, -1
23, 397, -1
23, 398, 0.607097
23, 399, -1
24, 0, 0.789284
24, 1, 0.84277
24, 2, 0.998919
24, 3, -1
24, 4, -1
24, 5, -1
24, 6, -1
24, 7, 0.722391
24, 8, -1
24, 9, -1
24, 10, 0.23168
24, 11, 0.566272
24, 12, 0.0754828
24, 13, 0.798233
24, 14, -1
24, 15, -1
24, 16, 0.0710245
24, 17, 0.820503
24, 18, -1
24, 19, 0.998962
24, 20, 0.905299
24, 21, -1
24, 22, 0.245037
24, 23, 0.160267
24, 24, 0.0754935
24, 25, 0.655474
24, 26, 0.958837
24, 27, 0.771498
24, 28, -1
24, 29, 0.137964
24, 30, 0.472579
24, 31, 0.780428
24, 32, -1
24, 33, -1
24, 34, 0.691218
24, 35, -1
24, 36, 0.249515
24, 37, -1
24, 38, 0.999011
24, 39, 0.00411426
24, 40, 0.383407
24, 41, 0.967795
24, 42, 0.709077
24, 43, -1
24, 44, -1
24, 45, -1
24, 46, -1
24, 47, 0.0353555
24, 48, 0.677862
24, 49, 0.325419
24, 50, 0.758163
24, 51, -1
24, 52, -1
24, 53, -1
24, 54, 0.85631
24, 55, 0.370002
24, 56, 0.999057
24, 57, -0.0494183
24, 58, 0.713569
24, 59, 0.807252
24, 60, 0.842941
24, 61, 0.539547
24, 62, 0.298624
24, 63, 0.691233
24, 64, 0.548515
24, 65, -1
24, 66, 0.49048
24, 67, -1
24, 68, 0.428061
24, 69, -1
24, 70, 0.726936
24, 71, 0.789434
24, 72, 0.807239
24, 73, 0.486029
24, 74, -1
24, 75, 0.0621526
24, 76, 0.615416
24, 77, 0.914354
24, 78, 0.481615
24, 79, -1
24, 80, 0.967892
24, 81, -0.111875
24, 82, -1
24, 83, 0.512814
24, 84, 0.0175374
24, 85, 0.758194
24, 86, -1
24, 87, -1
24, 88, 0.619939
24, 89, -1
24, 90, -0.067244
24, 91, -1
24, 92, -1
24, 93, -1
24, 94, 0.923317
24, 95, -1
24, 96, 0.691336
24, 97, -1
24, 98, 0.209427
24, 99, 0.65565
24, 100, -1
24, 101, 0.771651
24, 102, -1
24, 103, 0.454842
24, 104, -1
24, 105, -1
24, 106, 0.843043
24, 107, 0.802853
24, 108, -1
24, 109, 0.178203
24, 110, 0.624399
24, 111, -0.236772
24, 112, -1
24, 113, 0.374542
24, 114, -1
24, 115, -1
24, 116, -1
24, 117, -1
24, 118, -1
24, 119, 0.646764
24, 120, -1
24, 121, 0.829692
24, 122, -1
24, 123, -1
24, 124, 0.758314
24, 125, 0.776162
24, 126, -1
24, 127, 0.526269
24, 128, 0.878784
24, 129, 0.254084
24, 130, -1
24, 131, -1
24, 132, -1
24, 133, -1
24, 134, -1
24, 135, 0.0265448
24, 136, 0.280906
24, 137, -1
24, 138, 0.3835
24, 139, 0.405812
24, 140, 0.785117
24, 141, 0.771734
24, 142, -1
24, 143, 0.94128
24, 144, -1
24, 145, -1
24, 146, -1
24, 147, 0.838672
24, 148, -1
24, 149, -1
24, 150, -1
24, 151, -1
24, 152, -0.183195
24, 153, -1
24, 154, -1
24, 155, -1
24, 156, -0.0716194
24, 157, -0.0939733
24, 158, 0.25862
24, 159, 0.0265244
24, 160, -1
24, 161, -1
24, 162, -1
24, 163, 0.570948
24, 164, 0.65573
24, 165, -1
24, 166, 0.798557
24, 167, 0.977032
24, 168, 0.499561
24, 169, -1
24, 170, -1
24, 171, -1
24, 172, 0.330036
24, 173, -1
24, 174, 0.00868542
24, 175, -1
24, 176, -1
24, 177, 0.535314
24, 178, -1
24, 179, -0.201072
24, 180, 0.803049
24, 181, 0.321082
24, 182, -1
24, 183, 0.919027
24, 184, 0.579908
24, 185, -1
24, 186, 0.704895
24, 187, -1
24, 188, 0.919079
24, 189, 0.753985
24, 190, 0.664742
24, 191, 0.0399398
24, 192, 0.0488665
24, 193, 0.414852
24, 194, 0.00870158
24, 195, -1
24, 196, -1
24, 197, -1
24, 198, 0.87002
24, 199, 0.606708
24, 200, 0.660258
24, 201, 0.820943
24, 202, 0.81198
24, 203, -1
24, 204, 0.620144
24, 205, -1
24, 206, 0.182767
24, 207, -1
24, 208, 0.593376
24, 209, 0.597841
24, 210, -1
24, 211, -0.0716207
24, 212, -1
24, 213, -1
24, 214, 0.432733
24, 215, 0.553185
24, 216, -0.111786
24, 217, -0.00466917
24, 218, 0.789743
24, 219, -1
24, 220, 0.892381
24, 221, -1
24, 222, -1
24, 223, 0.0488931
24, 224, 0.1739
24, 225, 0.736208
24, 226, -1
24, 227, 0.615722
24, 228, -1
24, 229, 0.254239
24, 230, 0.115886
24, 231, 0.0266245
24, 232, -0.160872
24, 233, -1
24, 234, -0.0225086
24, 235, -0.125163
24, 236, 0.205113
24, 237, 0.941508
24, 238, -1
24, 239, -1
24, 240, 0.584466
24, 241, -1
24, 242, -1
24, 243, 0.312274
24, 244, -1
24, 245, 0.539886
24, 246, 0.343519
24, 247, 0.187313
24, 248, 0.316744
24, 249, 0.379227
24, 250, -1
24, 251, 0.495267
24, 252, -1
24, 253, -1
24, 254, 0.147152
24, 255, -1
24, 256, -1
24, 257, -1
24, 258, 0.539867
24, 259, -1
24, 260, 0.821071
24, 261, 0.106949
24, 262, 0.24531
24, 263, -1
24, 264, -0.178706
24, 265, -1
24, 266, -1
24, 267, 0.553311
24, 268, -1
24, 269, -1
24, 270, 0.464055
24, 271, -1
24, 272, 0.0667888
24, 273, 0.531006
24, 274, 0.504229
24, 275, -1
24, 276, -1
24, 277, 0.879125
24, 278, -1
24, 279, -1
24, 280, -1
24, 281, 0.705079
24, 282, -1
24, 283, 0.49978
24, 284, -1
24, 285, 0.780958
24, 286, 0.084655
24, 287, 0.504249
24, 288, 0.611367
24, 289, -1
24, 290, -1
24, 291, -0.169763
24, 292, -1
24, 293, 0.37036
24, 294, 0.446197
24, 295, 0.419459
24, 296, 0.731886
24, 297, 0.535467
24, 298, -1
24, 299, 0.888061
24, 300, 0.865748
24, 301, 0.897032
24, 302, 0.535516
24, 303, 0.584613
24, 304, -1
24, 305, 0.0891358
24, 306, -1
24, 307, -1
24, 308, -1
24, 309, -1
24, 310, 0.379309
24, 311, -1
24, 312, -1
24, 313, 0.182878
24, 314, 0.816724
24, 315, -1
24, 316, -1
24, 317, -1
24, 318, 0.7721
24, 319, 0.941707
24, 320, 0.267734
24, 321, 0.29898
24, 322, -1
24, 323, 0.508769
24, 324, -1
24, 325, -1
24, 326, -1
24, 327, 0.267742
24, 328, -1
24, 329, -1
24, 330, -1
24, 331, -1
24, 332, 0.410584
24, 333, -7.33114e-05
24, 334, 0.606944
24, 335, 0.870331
24, 336, -1
24, 337, -0.299188
24, 338, -1
24, 339, -1
24, 340, 0.535537
24, 341, 0.401669
24, 342, 0.370425
24, 343, -1
24, 344, 0.790008
24, 345, -0.0402787
24, 346, -1
24, 347, -1
24, 348, 0.49984
24, 349, 0.593619
24, 350, -1
24, 351, -1
24, 352, -1
24, 353, -1
24, 354, 0.923938
24, 355, -1
24, 356, -0.214364
24, 357, 0.910554
24, 358, -1
24, 359, 0.968586
24, 360, -1
24, 361, 0.66506
24, 362, 0.834683
24, 363, 0.544501
24, 364, 0.602532
24, 365, -1
24, 366, -1
24, 367, 0.598074
24, 368, 0.499871
24, 369, 0.776669
24, 370, -0.205428
24, 371, 0.897196
24, 372, -1
24, 373, -1
24, 374, -1
24, 375, -1
24, 376, 0.892743
24, 377, 0.772222
24, 378, 0.687411
24, 379, 0.999882
24, 380, -0.0447166
24, 381, 0.982032
24, 382, 0.660635
24, 383, 0.830225
24, 384, -1
24, 385, 0.906156
24, 386, 0.566859
24, 387, -1
24, 388, -1
24, 389, -1
24, 390, -1
24, 391, -1
24, 392, -1
24, 393, 0.535663
24, 394, 0.307957
24, 395, 0.888324
24, 396, 0.700837
24, 397, 0.642766
24, 398, -1
24, 399, -1
25, 0, 0.905249
25, 1, -1
25, 2, -1
25, 3, -1
25, 4, -1
25, 5, 0.709003
25, 6, 0.713466
25, 7, -1
25, 8, 0.927569
25, 9, -1
25, 10, -1
25, 11, 0.780384
25, 12, -1
25, 13, 0.441325
25, 14, -1
25, 15, 0.597503
25, 16, -1
25, 17, 0.81162
25, 18, -1
25, 19, -0.0315987
25, 20, -1
25, 21, -1
25, 22, -0.0182103
25, 23, -1
25, 24, 0.909766
25, 25, 0.878545
25, 26, 0.998977
25, 27, -1
25, 28, -0.134222
25, 29, 0.361044
25, 30, -1
25, 31, 0.526114
25, 32, 0.998993
25, 33, -1
25, 34, -1
25, 35, -1
25, 36, 0.900873
25, 37, 0.320901
25, 38, 0.62877
25, 39, -1
25, 40, 0.999013
25, 41, 0.927608
25, 42, -1
25, 43, 0.236137
25, 44, -1
25, 45, -1
25, 46, -1
25, 47, -1
25, 48, 0.936546
25, 49, 0.187064
25, 50, 0.347687
25, 51, 0.312035
25, 52, 0.0933659
25, 53, 0.396808
25, 54, 0.575265
25, 55, 0.378965
25, 56, -1
25, 57, -1
25, 58, -1
25, 59, -0.299318
25, 60, 0.941076
25, 61, 0.102298
25, 62, 0.0487538
25, 63, -1
25, 64, -1
25, 65, 0.258471
25, 66, 0.99908
25, 67, -1
25, 68, -1
25, 69, 0.517292
25, 70, -0.0583342
25, 71, -1
25, 72, -1
25, 73, -1
25, 74, 0.338834
25, 75, -1
25, 76, -1
25, 77, 0.539612
25, 78, -0.165428
25, 79, 0.784947
25, 80, -1
25, 81, 0.677882
25, 82, 0.883137
25, 83, -1
25, 84, -1
25, 85, 0.0532762
25, 86, -1
25, 87, -1
25, 88, -1
25, 89, 0.441475
25, 90, -0.0717072
25, 91, 0.727016
25, 92, -1
25, 93, -1
25, 94, -1
25, 95, -1
25, 96, -1
25, 97, 0.637799
25, 98, -1
25, 99, -1
25, 100, 0.472683
25, 101, 0.704688
25, 102, -1
25, 103, 0.669
25, 104, 0.463806
25, 105, 0.289792
25, 106, -1
25, 107, 0.00420832
25, 108, -0.254666
25, 109, -1
25, 110, -1
25, 111, -1
25, 112, -1
25, 113, -1
25, 114, 0.374582
25, 115, 0.704756
25, 116, -1
25, 117, 0.99921
25, 118, 0.78953
25, 119, 0.985831
25, 120, -0.187717
25, 121, -0.263585
25, 122, 0.731539
25, 123, -1
25, 124, -1
25, 125, 0.0577734
25, 126, 0.111284
25, 127, -1
25, 128, -1
25, 129, 0.704783
25, 130, -1
25, 131, 0.102363
25, 132, -1
25, 133, -1
25, 134, 0.771717
25, 135, 0.74495
25, 136, 0.21397
25, 137, -1
25, 138, -1
25, 139, -1
25, 140, 0.173772
25, 141, -1
25, 142, 0.999274
25, 143, -1
25, 144, -1
25, 145, -1
25, 146, -1
25, 147, 0.365702
25, 148, 0.32108
25, 149, -1
25, 150, -1
25, 151, 0.686978
25, 152, -0.156458
25, 153, 0.535273
25, 154, -1
25, 155, -0.0359585
25, 156, -1
25, 157, 0.383524
25, 158, 0.704798
25, 159, -1
25, 160, -1
25, 161, 0.209494
25, 162, 0.570945
25, 163, 0.271972
25, 164, -1
25, 165, -1
25, 166, 0.825326
25, 167, -0.174301
25, 168, -1
25, 169, -1
25, 170, -1
25, 171, 0.504066
25, 172, -1
25, 173, 0.727178
25, 174, 0.227399
25, 175, -1
25, 176, 0.548697
25, 177, 0.356816
25, 178, -0.223389
25, 179, 0.303228
25, 180, 0.936905
25, 181, 0.968141
25, 182, -1
25, 183, -1
25, 184, -1
25, 185, 0.0131564
25, 186, -1
25, 187, -1
25, 188, -1
25, 189, 0.343444
25, 190, 0.115807
25, 191, -1
25, 192, -1
25, 193, 0.441626
25, 194, -1
25, 195, 0.214034
25, 196, -1
25, 197, 0.459482
25, 198, 0.343416
25, 199, -1
25, 200, -1
25, 201, 0.892335
25, 202, 0.794169
25, 203, 0.401477
25, 204, -1
25, 205, 0.526392
25, 206, 0.222972
25, 207, 0.379169
25, 208, -1
25, 209, -1
25, 210, -1
25, 211, 0.539829
25, 212, 0.214052
25, 213, -1
25, 214, 0.0935551
25, 215, 0.263147
25, 216, -0.187662
25, 217, -1
25, 218, 0.410423
25, 219, 0.0399627
25, 220, 0.758508
25, 221, -1
25, 222, -1
25, 223, 0.870074
25, 224, -1
25, 225, -0.0269795
25, 226, 0.450559
25, 227, 0.450601
25, 228, 0.031044
25, 229, 0.620187
25, 230, -1
25, 231, -1
25, 232, 0.575565
25, 233, -1
25, 234, 0.022163
25, 235, 0.718375
25, 236, 0.115851
25, 237, 0.0935359
25, 238, -1
25, 239, 0.370246
25, 240, 0.142633
25, 241, 0.0980027
25, 242, 0.222971
25, 243, 0.709466
25, 244, 0.468477
25, 245, -1
25, 246, 0.111397
25, 247, -1
25, 248, -1
25, 249, 0.0444514
25, 250, -1
25, 251, -1
25, 252, -0.290301
25, 253, -1
25, 254, 0.0668123
25, 255, -1
25, 256, 0.562177
25, 257, -1
25, 258, -1
25, 259, -1
25, 260, 0.999576
25, 261, -1
25, 262, -1
25, 263, -0.236733
25, 264, -1
25, 265, 0.370281
25, 266, 0.46851
25, 267, 0.557772
25, 268, -1
25, 269, -1
25, 270, -1
25, 271, -1
25, 272, -1
25, 273, 0.365869
25, 274, -1
25, 275, 0.258714
25, 276, 0.124856
25, 277, -1
25, 278, -1
25, 279, -1
25, 280, 0.526512
25, 281, 0.401545
25, 282, 0.687226
25, 283, 0.544369
25, 284, 0.0578716
25, 285, 0.285505
25, 286, 0.548878
25, 287, -1
25, 288, 0.441724
25, 289, -0.205474
25, 290, -1
25, 291, -1
25, 292, 0.0132435
25, 293, 0.352505
25, 294, -0.151907
25, 295, 0.285517
25, 296, -0.0715611
25, 297, -1
25, 298, -1
25, 299, 0.678292
25, 300, 0.968437
25, 301, -1
25, 302, 0.0935957
25, 303, 0.633708
25, 304, -1
25, 305, 0.303383
25, 306, -1
25, 307, 0.615862
25, 308, 0.316817
25, 309, -0.0581609
25, 310, -1
25, 311, -0.0581191
25, 312, 0.0534727
25, 313, -1
25, 314, -1
25, 315, -0.232242
25, 316, 0.0400449
25, 317, 0.731926
25, 318, -0.205458
25, 319, 0.999726
25, 320, -0.0983265
25, 321, -1
25, 322, -1
25, 323, 0.620353
25, 324, -1
25, 325, -1
25, 326, -1
25, 327, 0.281092
25, 328, -1
25, 329, -1
25, 330, 0.196326
25, 331, 0.0445617
25, 332, -1
25, 333, -1
25, 334, 0.56677
25, 335, 0.870329
25, 336, 0.660508
25, 337, 0.999772
25, 338, 0.374842
25, 339, 0.972997
25, 340, 0.99978
25, 341, 0.910514
25, 342, 0.879272
25, 343, 0.754296
25, 344, 0.651636
25, 345, 0.486483
25, 346, 0.232054
25, 347, -1
25, 348, 0.232015
25, 349, 0.432925
25, 350, 0.0445779
25, 351, 0.334726
25, 352, -1
25, 353, 0.245453
25, 354, 0.477529
25, 355, 0.602555
25, 356, 0.714149
25, 357, 0.584663
25, 358, 0.879308
25, 359, 0.999829
25, 360, -1
25, 361, 0.111505
25, 362, -1
25, 363, 0.290062
25, 364, 0.209714
25, 365, -0.12508
25, 366, -1
25, 367, 0.437415
25, 368, -0.241142
25, 369, 0.258822
25, 370, 0.357069
25, 371, 0.276721
25, 372, -1
25, 373, -1
25, 374, -1
25, 375, 0.794535
25, 376, -1
25, 377, 0.781148
25, 378, 0.937384
25, 379, -0.276849
25, 380, 0.227587
25, 381, 0.76326
25, 382, -0.303632
25, 383, 0.410614
25, 384, -1
25, 385, 0.223129
25, 386, 0.299058
25, 387, -1
25, 388, 0.366021
25, 389, 0.290134
25, 390, 0.366024
25, 391, 0.397273
25, 392, 0.522267
25, 393, 0.754397
25, 394, -0.183095
25, 395, -0.0714909
25, 396, 0.839219
25, 397, -0.165236
25, 398, -1
25, 399, -1
26, 0, 0.918627
26, 1, -1
26, 2, 0.972153
26, 3, -1
26, 4, 0.998919
26, 5, 0.842815
26, 6, 0.905261
26, 7, -1
26, 8, -1
26, 9, 0.998931
26, 10, 0.927572
26, 11, 0.824987
26, 12, -1
26, 13, 0.918658
26, 14, 0.998944
26, 15, -1
26, 16, 0.923126
26, 17, -1
26, 18, -1
26, 19, 0.369952
26, 20, 0.967738
26, 21, 0.998962
26, 22, 0.998924
26, 23, 0.998967
26, 24, -1
26, 25, 0.940989
26, 26, 0.976674
26, 27, 0.998977
26, 28, -1
26, 29, 0.998983
26, 30, 0.998985
26, 31, 0.998988
26, 32, 0.874099
26, 33, 0.833956
26, 34, 0.767048
26, 35, -1
26, 36, -1
26, 37, -1
26, 38, 0.338787
26, 39, -1
26, 40, 0.999011
26, 41, 0.784865
26, 42, -1
26, 43, 0.896427
26, 44, 0.740303
26, 45, 0.999023
26, 46, 0.999026
26, 47, 0.954424
26, 48, 0.999031
26, 49, -1
26, 50, 0.990115
26, 51, 0.999039
26, 52, 0.999041
26, 53, 0.900911
26, 54, -1
26, 55, 0.999049
26, 56, -1
26, 57, 0.65557
26, 58, 0.18265
26, 59, -1
26, 60, 0.945494
26, 61, -1
26, 62, 0.869706
26, 63, 0.976766
26, 64, 0.64666
26, 65, -1
26, 66, 0.624358
26, 67, 0.624359
26, 68, 0.878642
26, 69, 0.54852
26, 70, 0.811732
26, 71, 0.780507
26, 72, 0.999092
26, 73, 0.950027
26, 74, -1
26, 75, 0.967875
26, 76, 0.999103
26, 77, -1
26, 78, -1
26, 79, -1
26, 80, 0.999113
26, 81, 0.744798
26, 82, 0.900979
26, 83, 0.494964
26, 84, 0.570852
26, 85, 0.606546
26, 86, -1
26, 87, 0.379006
26, 88, -1
26, 89, -1
26, 90, -1
26, 91, -1
26, 92, 0.93669
26, 93, 0.744863
26, 94, 0.972383
26, 95, -1
26, 96, 0.945622
26, 97, 0.941163
26, 98, -1
26, 99, -1
26, 100, 0.588685
26, 101, 0.905484
26, 102, 0.896564
26, 103, -1
26, 104, -1
26, 105, -1
26, 106, -1
26, 107, -1
26, 108, -1
26, 109, -1
26, 110, -1
26, 111, -1
26, 112, 0.945661
26, 113, 0.967969
26, 114, 0.972433
26, 115, -1
26, 116, -1
26, 117, 0.905522
26, 118, 0.173788
26, 119, -1
26, 120, -1
26, 121, 0.486099
26, 122, -1
26, 123, -1
26, 124, -1
26, 125, -1
26, 126, -1
26, 127, -1
26, 128, -1
26, 129, -1
26, 130, -1
26, 131, 0.686938
26, 132, -1
26, 133, 0.927866
26, 134, 0.972483
26, 135, 0.972485
26, 136, -1
26, 137, 0.124681
26, 138, -1
26, 139, 0.338876
26, 140, -1
26, 141, 0.869886
26, 142, -1
26, 143, -1
26, 144, -1
26, 145, -1
26, 146, -1
26, 147, -1
26, 148, -1
26, 149, -1
26, 150, 0.887753
26, 151, 0.999294
26, 152, 0.999297
26, 153, 0.999299
26, 154, -1
26, 155, -1
26, 156, 0.999307
26, 157, -1
26, 158, -1
26, 159, 0.347867
26, 160, 0.338903
26, 161, -1
26, 162, -1
26, 163, -1
26, 164, -1
26, 165, -1
26, 166, -1
26, 167, -1
26, 168, -1
26, 169, -1
26, 170, -1
26, 171, -1
26, 172, 0.936883
26, 173, -1
26, 174, -1
26, 175, -1
26, 176, -1
26, 177, 0.553119
26, 178, -1
26, 179, -1
26, 180, 0.838741
26, 181, -1
26, 182, -1
26, 183, -1
26, 184, -1
26, 185, -1
26, 186, -1
26, 187, 0.999386
26, 188, -1
26, 189, 0.941387
26, 190, 0.999394
26, 191, 0.887847
26, 192, -1
26, 193, 0.834307
26, 194, -1
26, 195, -1
26, 196, -1
26, 197, -1
26, 198, 0.106928
26, 199, -1
26, 200, -1
26, 201, -1
26, 202, 0.490726
26, 203, -1
26, 204, 0.477341
26, 205, -1
26, 206, -1
26, 207, -1
26, 208, 0.963743
26, 209, -1
26, 210, 0.986059
26, 211, -1
26, 212, -1
26, 213, 0.71833
26, 214, -1
26, 215, 0.919139
26, 216, 0.945914
26, 217, 0.463973
26, 218, -1
26, 219, -0.120671
26, 220, -1
26, 221, 0.535381
26, 222, -1
26, 223, -1
26, 224, -1
26, 225, -1
26, 226, -1
26, 227, -1
26, 228, 0.999491
26, 229, -1
26, 230, 0.905787
26, 231, -0.187613
26, 232, -1
26, 233, 0.593416
26, 234, 0.780847
26, 235, 0.789774
26, 236, -1
26, 237, -1
26, 238, -1
26, 239, 0.151598
26, 240, 0.883498
26, 241, -0.0626742
26, 242, -1
26, 243, -1
26, 244, 0.999532
26, 245, -1
26, 246, 0.267645
26, 247, -1
26, 248, -1
26, 249, 0.995082
26, 250, -1
26, 251, -1
26, 252, -1
26, 253, 0.986167
26, 254, -1
26, 255, 0.60238
26, 256, -1
26, 257, -1
26, 258, 0.646973
26, 259, 0.294399
26, 260, 0.968335
26, 261, -1
26, 262, 0.981728
26, 263, -1
26, 264, 0.785373
26, 265, 0.0311144
26, 266, -1
26, 267, -1
26, 268, -1
26, 269, -1
26, 270, -1
26, 271, -1
26, 272, 0.89696
26, 273, -1
26, 274, -1
26, 275, 0.785396
26, 276, 0.870192
26, 277, 0.807714
26, 278, -1
26, 279, -1
26, 280, 0.999624
26, 281, -1
26, 282, -1
26, 283, -1
26, 284, 0.290006
26, 285, -1
26, 286, 0.281082
26, 287, -1
26, 288, 0.12933
26, 289, -1
26, 290, -1
26, 291, 0.696168
26, 292, -1
26, 293, -1
26, 294, 0.99966
26, 295, 0.999662
26, 296, -1
26, 297, -1
26, 298, 0.843464
26, 299, 0.77652
26, 300, 0.937193
26, 301, -1
26, 302, 0.874715
26, 303, 0.928274
26, 304, -1
26, 305, 0.0579294
26, 306, -1
26, 307, -1
26, 308, -1
26, 309, -1
26, 310, -1
26, 311, 0.852419
26, 312, -1
26, 313, 0.87474
26, 314, 0.999711
26, 315, -1
26, 316, -1
26, 317, -1
26, 318, -1
26, 319, 0.88368
26, 320, 0.999726
26, 321, 0.97295
26, 322, -1
26, 323, 0.977418
26, 324, 0.656061
26, 325, 0.464134
26, 326, -1
26, 327, 0.946185
26, 328, -1
26, 329, 0.548946
26, 330, 0.754267
26, 331, -1
26, 332, 0.959587
26, 333, -1
26, 334, 0.870324
26, 335, -1
26, 336, 0.999767
26, 337, 0.883721
26, 338, 0.691794
26, 339, 0.812311
26, 340, 0.999778
26, 341, 0.99978
26, 342, -1
26, 343, -1
26, 344, 0.830176
26, 345, 0.803397
26, 346, 0.709664
26, 347, -1
26, 348, -1
26, 349, 0.874822
26, 350, 0.892678
26, 351, -1
26, 352, -1
26, 353, 0.999811
26, 354, -1
26, 355, -1
26, 356, 0.906083
26, 357, 0.754322
26, 358, 0.910551
26, 359, 0.999826
26, 360, 0.999829
26, 361, -1
26, 362, 0.999834
26, 363, 0.968591
26, 364, 0.87932
26, 365, -1
26, 366, 0.883788
26, 367, 0.821298
26, 368, 0.910575
26, 369, -1
26, 370, 0.950753
26, 371, -1
26, 372, -1
26, 373, 0.999862
26, 374, -1
26, 375, -1
26, 376, -1
26, 377, 0.794497
26, 378, 0.629336
26, 379, -1
26, 380, -1
26, 381, -1
26, 382, -1
26, 383, -1
26, 384, 0.99989
26, 385, -1
26, 386, 0.999895
26, 387, -1
26, 388, -1
26, 389, -1
26, 390, -1
26, 391, -1
26, 392, -1
26, 393, -1
26, 394, 0.285634
26, 395, 0.366029
26, 396, 0.285677
26, 397, -1
26, 398, -1
26, 399, 0.803471
27, 0, 0.450225
27, 1, 0.356543
27, 2, 0.802663
27, 3, -1
27, 4, -1
27, 5, 0.615326
27, 6, 0.78479
27, 7, 0.552878
27, 8, 0.294134
27, 9, 0.236137
27, 10, 0.726852
27, 11, 0.352135
27, 12, 0.494893
27, 13, -1
27, 14, -1
27, 15, 0.949882
27, 16, 0.789312
27, 17, -0.138693
27, 18, -1
27, 19, 0.998954
27, 20, -1
27, 21, 0.655461
27, 22, 0.405645
27, 23, -1
27, 24, -1
27, 25, -1
27, 26, 0.664432
27, 27, -1
27, 28, -1
27, 29, 0.387809
27, 30, -1
27, 31, -1
27, 32, 0.0576906
27, 33, -1
27, 34, -1
27, 35, 0.740283
27, 36, 0.445816
27, 37, -1
27, 38, 0.271822
27, 39, -1
27, 40, -1
27, 41, -1
27, 42, -1
27, 43, -1
27, 44, -1
27, 45, 0.115667
27, 46, 0.209367
27, 47, 0.196023
27, 48, -1
27, 49, -1
27, 50, 0.96335
27, 51, -1
27, 52, -0.102972
27, 53, 0.53957
27, 54, 0.512763
27, 55, 0.387845
27, 56, 0.521729
27, 57, -1
27, 58, 0.459273
27, 59, -1
27, 60, 0.972296
27, 61, -1
27, 62, 0.860782
27, 63, -1
27, 64, -1
27, 65, 0.396781
27, 66, 0.441439
27, 67, -1
27, 68, 0.896483
27, 69, -1
27, 70, 0.0844563
27, 71, -1
27, 72, -1
27, 73, -0.000323155
27, 74, -1
27, 75, -1
27, 76, 0.271867
27, 77, -1
27, 78, 0.392378
27, 79, 0.512843
27, 80, -1
27, 81, -1
27, 82, -1
27, 83, 0.437002
27, 84, -1
27, 85, -0.276993
27, 86, -1
27, 87, -1
27, 88, 0.780541
27, 89, -1
27, 90, -1
27, 91, -1
27, 92, -1
27, 93, -1
27, 94, -1
27, 95, -1
27, 96, -1
27, 97, -1
27, 98, -1
27, 99, -1
27, 100, 0.651145
27, 101, 0.758261
27, 102, 0.793954
27, 103, 0.0532497
27, 104, -1
27, 105, -1
27, 106, 0.0309806
27, 107, 0.0889925
27, 108, -1
27, 109, 0.700238
27, 110, -1
27, 111, 0.932232
27, 112, -1
27, 113, -1
27, 114, -1
27, 115, -1
27, 116, -1
27, 117, -0.0270231
27, 118, 0.486133
27, 119, 0.294228
27, 120, 0.517329
27, 121, 0.646762
27, 122, 0.722612
27, 123, 0.146978
27, 124, -1
27, 125, -1
27, 126, -1
27, 127, -1
27, 128, 0.865352
27, 129, -1
27, 130, -1
27, 131, 0.432609
27, 132, -1
27, 133, 0.227351
27, 134, -1
27, 135, -1
27, 136, -1
27, 137, -1
27, 138, -0.285893
27, 139, -0.169856
27, 140, 0.936804
27, 141, -1
27, 142, -1
27, 143, -1
27, 144, 0.753887
27, 145, -1
27, 146, 0.441555
27, 147, 0.749431
27, 148, -1
27, 149, 0.271953
27, 150, -1
27, 151, -1
27, 152, -1
27, 153, 0.236298
27, 154, 0.236299
27, 155, -1
27, 156, -1
27, 157, 0.236262
27, 158, -1
27, 159, -1
27, 160, 0.968084
27, 161, -1
27, 162, -1
27, 163, 0.758388
27, 164, 0.85655
27, 165, -1
27, 166, 0.530829
27, 167, 0.847633
27, 168, 0.615613
27, 169, -1
27, 170, -1
27, 171, -1
27, 172, -1
27, 173, -1
27, 174, -0.013591
27, 175, 0.642398
27, 176, -1
27, 177, 0.633478
27, 178, 0.102405
27, 179, -1
27, 180, -1
27, 181, 0.704839
27, 182, -1
27, 183, -1
27, 184, 0.803011
27, 185, 0.441612
27, 186, -1
27, 187, 0.905684
27, 188, -1
27, 189, -0.10288
27, 190, 0.597803
27, 191, -1
27, 192, 0.865497
27, 193, -1
27, 194, 0.780721
27, 195, -1
27, 196, -1
27, 197, -1
27, 198, 0.753997
27, 199, 0.629014
27, 200, -1
27, 201, 0.419322
27, 202, 0.432711
27, 203, -1
27, 204, 0.81648
27, 205, 0.343462
27, 206, -1
27, 207, 0.936966
27, 208, -1
27, 209, 0.79418
27, 210, 0.709398
27, 211, 0.852194
27, 212, -1
27, 213, 0.812038
27, 214, 0.999453
27, 215, -1
27, 216, 0.972685
27, 217, -1
27, 218, 0.883445
27, 219, 0.861136
27, 220, -1
27, 221, 0.205134
27, 222, 0.0801311
27, 223, 0.75851
27, 224, -1
27, 225, -1
27, 226, 0.856689
27, 227, 0.883466
27, 228, -1
27, 229, -1
27, 230, 0.066749
27, 231, 0.517545
27, 232, 0.477382
27, 233, -1
27, 234, -1
27, 235, -1
27, 236, 0.334536
27, 237, -1
27, 238, 0.825479
27, 239, -0.223357
27, 240, 0.307764
27, 241, -0.0091158
27, 242, -1
27, 243, 0.562152
27, 244, 0.298843
27, 245, -1
27, 246, 0.93706
27, 247, 0.745171
27, 248, 0.62468
27, 249, -1
27, 250, -1
27, 251, -1
27, 252, -1
27, 253, 0.464025
27, 254, 0.294392
27, 255, 0.892456
27, 256, 0.745189
27, 257, 0.504198
27, 258, 0.334605
27, 259, 0.209638
27, 260, -1
27, 261, -1
27, 262, 0.236421
27, 263, 0.156044
27, 264, -1
27, 265, 0.151623
27, 266, 0.82554
27, 267, 0.557729
27, 268, 0.789842
27, 269, 0.178366
27, 270, 0.214113
27, 271, -1
27, 272, -1
27, 273, 0.432813
27, 274, 0.356901
27, 275, -1
27, 276, 0.624729
27, 277, -1
27, 278, -1
27, 279, -1
27, 280, -1
27, 281, -1
27, 282, -1
27, 283, -1
27, 284, -1
27, 285, -0.116206
27, 286, 0.651526
27, 287, 0.745252
27, 288, -1
27, 289, -1
27, 290, -1
27, 291, -1
27, 292, -1
27, 293, 0.504254
27, 294, 0.249806
27, 295, 0.348002
27, 296, 0.316759
27, 297, -1
27, 298, 0.397142
27, 299, -1
27, 300, 0.642585
27, 301, -0.0537046
27, 302, 0.321271
27, 303, -0.0537031
27, 304, -1
27, 305, 0.0444975
27, 306, 0.638173
27, 307, 0.740829
27, 308, 0.874726
27, 309, 0.767572
27, 310, 0.946141
27, 311, 0.847954
27, 312, 0.959535
27, 313, 0.986317
27, 314, 0.481969
27, 315, 0.348068
27, 316, -1
27, 317, -1
27, 318, -1
27, 319, -1
27, 320, 0.428377
27, 321, -0.000125592
27, 322, -1
27, 323, 0.240953
27, 324, -1
27, 325, 0.133828
27, 326, -1
27, 327, 0.339116
27, 328, 0.932795
27, 329, 0.852457
27, 330, -1
27, 331, 0.999752
27, 332, -1
27, 333, -1
27, 334, 0.606979
27, 335, -0.0715349
27, 336, 0.165045
27, 337, 0.0088147
27, 338, -1
27, 339, 0.727502
27, 340, -1
27, 341, 0.660553
27, 342, -1
27, 343, 0.18737
27, 344, -1
27, 345, -0.093847
27, 346, 0.240979
27, 347, 0.508802
27, 348, 0.0981402
27, 349, -1
27, 350, 0.914994
27, 351, -1
27, 352, 0.272192
27, 353, -1
27, 354, -1
27, 355, -1
27, 356, 0.415037
27, 357, -1
27, 358, -1
27, 359, -1
27, 360, 0.928368
27, 361, -1
27, 362, 0.0981129
27, 363, 0.419551
27, 364, -0.11169
27, 365, -1
27, 366, -1
27, 367, 0.794474
27, 368, -0.196503
27, 369, 0.39724
27, 370, 0.423984
27, 371, -1
27, 372, 0.932861
27, 373, -1
27, 374, 0.553482
27, 375, -1
27, 376, 0.754359
27, 377, -0.044721
27, 378, 0.678437
27, 379, 0.325791
27, 380, 0.763254
27, 381, 0.182946
27, 382, 0.83468
27, 383, 0.999885
27, 384, 0.0936692
27, 385, 0.107062
27, 386, -1
27, 387, 0.249953
27, 388, -1
27, 389, -1
27, 390, -1
27, 391, -1
27, 392, -1
27, 393, 0.285632
27, 394, 0.473163
27, 395, 0.0445743
27, 396, 0.799039
27, 397, 0.897209
27, 398, -1
27, 399, -1
28, 0, -0.125318
28, 1, -1
28, 2, 0.0486997
28, 3, 0.981071
28, 4, 0.209321
28, 5, 0.936475
28, 6, 0.998919
28, 7, -1
28, 8, -1
28, 9, -1
28, 10, 0.896345
28, 11, 0.998931
28, 12, 0.998934
28, 13, -1
28, 14, 0.490394
28, 15, 0.990021
28, 16, 0.936502
28, 17, 0.905282
28, 18, 0.401177
28, 19, 0.998952
28, 20, 0.936511
28, 21, 0.998957
28, 22, 0.967738
28, 23, 0.967741
28, 24, -1
28, 25, -1
28, 26, -1
28, 27, 0.905306
28, 28, 0.936531
28, 29, -1
28, 30, 0.842866
28, 31, 0.936538
28, 32, -1
28, 33, 0.998988
28, 34, 0.936545
28, 35, 0.700094
28, 36, 0.976694
28, 37, 0.289666
28, 38, 0.610881
28, 39, -1
28, 40, 0.967783
28, 41, -1
28, 42, 0.999011
28, 43, -1
28, 44, -1
28, 45, -1
28, 46, 0.90535
28, 47, 0.936577
28, 48, 0.905355
28, 49, -1
28, 50, 0.90536
28, 51, -1
28, 52, 0.936589
28, 53, -1
28, 54, 0.936593
28, 55, 0.999044
28, 56, -1
28, 57, 0.780434
28, 58, -1
28, 59, 0.999054
28, 60, 0.999057
28, 61, 0.967835
28, 62, 0.999062
28, 63, 0.972301
28, 64, 0.561852
28, 65, 0.967845
28, 66, -1
28, 67, -1
28, 68, 0.936627
28, 69, 0.93663
28, 70, -1
28, 71, -1
28, 72, 0.999087
28, 73, 0.936639
28, 74, 0.999092
28, 75, 0.820661
28, 76, 0.95449
28, 77, 0.285252
28, 78, -1
28, 79, 0.490493
28, 80, 0.878665
28, 81, 0.615418
28, 82, 0.619881
28, 83, -1
28, 84, 0.847447
28, 85, -1
28, 86, 0.967897
28, 87, 0.999126
28, 88, 0.999128
28, 89, -1
28, 90, 0.976829
28, 91, 0.96791
28, 92, 0.936685
28, 93, -1
28, 94, 0.967917
28, 95, 0.499441
28, 96, -1
28, 97, 0.557486
28, 98, 0.0755562
28, 99, 0.758255
28, 100, -1
28, 101, 0.39683
28, 102, 0.999164
28, 103, 0.999167
28, 104, -1
28, 105, 0.967944
28, 106, 0.967947
28, 107, 0.999177
28, 108, 0.999179
28, 109, 0.967954
28, 110, -1
28, 111, 0.874274
28, 112, -1
28, 113, 0.807359
28, 114, 0.999195
28, 115, 0.883206
28, 116, 0.312072
28, 117, 0.713636
28, 118, 0.280839
28, 119, -1
28, 120, 0.209446
28, 121, 0.816299
28, 122, 0.44594
28, 123, 0.624415
28, 124, -1
28, 125, -1
28, 126, 0.976919
28, 127, -1
28, 128, 0.99923
28, 129, 0.968004
28, 130, 0.936777
28, 131, -1
28, 132, -1
28, 133, 0.660167
28, 134, 0.936787
28, 135, -1
28, 136, -1
28, 137, -1
28, 138, 0.968026
28, 139, 0.883261
28, 140, 0.887725
28, 141, 0.619985
28, 142, 0.999266
28, 143, 0.945732
28, 144, 0.968041
28, 145, 0.999274
28, 146, 0.999276
28, 147, -1
28, 148, -1
28, 149, 0.936823
28, 150, -1
28, 151, 0.878827
28, 152, 0.999292
28, 153, 0.999294
28, 154, 0.968066
28, 155, 0.811911
28, 156, 0.575432
28, 157, -1
28, 158, 0.789608
28, 159, 0.99931
28, 160, 0.999312
28, 161, 0.664641
28, 162, 0.905623
28, 163, 0.968089
28, 164, 0.936859
28, 165, -1
28, 166, 0.999328
28, 167, 0.99933
28, 168, -1
28, 169, 0.968103
28, 170, -1
28, 171, -1
28, 172, -1
28, 173, -1
28, 174, 0.968116
28, 175, 0.325532
28, 176, 0.749488
28, 177, -1
28, 178, -1
28, 179, 0.856541
28, 180, -1
28, 181, 0.00422496
28, 182, -1
28, 183, 0.968138
28, 184, -1
28, 185, 0.999376
28, 186, -1
28, 187, 0.999381
28, 188, 0.968151
28, 189, 0.93692
28, 190, -1
28, 191, 0.968158
28, 192, 0.999394
28, 193, 0.968163
28, 194, -1
28, 195, 0.709326
28, 196, 0.999404
28, 197, -1
28, 198, -1
28, 199, 0.936944
28, 200, -1
28, 201, -1
28, 202, 0.321104
28, 203, -1
28, 204, 0.42821
28, 205, 0.968193
28, 206, -1
28, 207, 0.999432
28, 208, 0.9682
28, 209, 0.936968
28, 210, -1
28, 211, -1
28, 212, -1
28, 213, 0.968213
28, 214, 0.820922
28, 215, 0.941445
28, 216, -1
28, 217, 0.642432
28, 218, 0.968225
28, 219, 0.914681
28, 220, 0.0488871
28, 221, 0.508562
28, 222, -1
28, 223, -0.071615
28, 224, -1
28, 225, -1
28, 226, 0.999481
28, 227, -1
28, 228, 0.999486
28, 229, 0.999489
28, 230, 0.874546
28, 231, 0.937021
28, 232, 0.937024
28, 233, 0.937026
28, 234, 0.95934
28, 235, 0.571062
28, 236, 0.874559
28, 237, 0.968273
28, 238, -0.0894575
28, 239, 0.74065
28, 240, -1
28, 241, 0.968282
28, 242, 0.24082
28, 243, -1
28, 244, 0.941515
28, 245, 0.968292
28, 246, -1
28, 247, 0.968297
28, 248, -1
28, 249, 0.905827
28, 250, -1
28, 251, -1
28, 252, 0.96831
28, 253, 0.968312
28, 254, 0.99509
28, 255, 0.771961
28, 256, 0.923694
28, 257, -1
28, 258, -1
28, 259, -1
28, 260, 0.763006
28, 261, 0.932631
28, 262, 0.530941
28, 263, 0.821068
28, 264, 0.905862
28, 265, 0.937103
28, 266, 0.865662
28, 267, 0.910332
28, 268, 0.999588
28, 269, 0.968352
28, 270, 0.905876
28, 271, 0.874639
28, 272, -1
28, 273, -1
28, 274, 0.999604
28, 275, 0.968367
28, 276, 0.883576
28, 277, 0.968372
28, 278, -1
28, 279, 0.852343
28, 280, -1
28, 281, 0.941605
28, 282, 0.847887
28, 283, 0.861278
28, 284, 0.410471
28, 285, 0.522052
28, 286, 0.905914
28, 287, 0.937157
28, 288, 0.999639
28, 289, 0.937161
28, 290, 0.937164
28, 291, 0.905926
28, 292, -1
28, 293, -1
28, 294, 0.972877
28, 295, 0.968417
28, 296, -1
28, 297, -1
28, 298, 0.78544
28, 299, 0.419419
28, 300, 0.95504
28, 301, 0.968432
28, 302, -0.138513
28, 303, 0.441741
28, 304, 0.807768
28, 305, 0.892569
28, 306, 0.999685
28, 307, 0.999648
28, 308, 0.968449
28, 309, -1
28, 310, -1
28, 311, -1
28, 312, 0.968459
28, 313, 0.968461
28, 314, 0.968464
28, 315, -1
28, 316, 0.968469
28, 317, -1
28, 318, 0.999716
28, 319, 0.999719
28, 320, 0.968479
28, 321, 0.977408
28, 322, 0.414988
28, 323, 0.999729
28, 324, 0.91493
28, 325, -1
28, 326, 0.999737
28, 327, 0.937253
28, 328, -1
28, 329, -1
28, 330, -1
28, 331, -1
28, 332, -1
28, 333, -1
28, 334, -1
28, 335, 0.848005
28, 336, -1
28, 337, 0.999765
28, 338, 0.928353
28, 339, -1
28, 340, 0.999772
28, 341, -1
28, 342, -1
28, 343, 0.99978
28, 344, 0.999783
28, 345, 0.968541
28, 346, 0.968544
28, 347, -1
28, 348, 0.937304
28, 349, -1
28, 350, 0.879283
28, 351, 0.874822
28, 352, -1
28, 353, -1
28, 354, -1
28, 355, 0.968566
28, 356, -1
28, 357, 0.888186
28, 358, 0.999818
28, 359, -1
28, 360, 0.973042
28, 361, 0.999826
28, 362, 0.776606
28, 363, 0.63381
28, 364, 0.901634
28, 365, 0.937345
28, 366, -1
28, 367, 0.758802
28, 368, -1
28, 369, 0.906109
28, 370, 0.946285
28, 371, 0.874868
28, 372, -1
28, 373, 0.937365
28, 374, -1
28, 375, 0.977543
28, 376, -1
28, 377, 0.968621
28, 378, 0.99987
28, 379, 0.999872
28, 380, 0.968628
28, 381, -1
28, 382, -1
28, 383, 0.897214
28, 384, -1
28, 385, 0.794509
28, 386, 0.874902
28, 387, -1
28, 388, -1
28, 389, -1
28, 390, -1
28, 391, 0.968655
28, 392, -1
28, 393, 0.96866
28, 394, 0.937415
28, 395, 0.999913
28, 396, 0.999916
28, 397, 0.999918
28, 398, 0.999921
28, 399, 0.406168
29, 0, -1
29, 1, 0.936463
29, 2, 0.561788
29, 3, -1
29, 4, -1
29, 5, -1
29, 6, -1
29, 7, -1
29, 8, 0.0755151
29, 9, -1
29, 10, -1
29, 11, -1
29, 12, -1
29, 13, -1
29, 14, -1
29, 15, -1
29, 16, 0.998942
29, 17, 0.918661
29, 18, 0.936504
29, 19, 0.998949
29, 20, 0.918668
29, 21, 0.289686
29, 22, -1
29, 23, -1
29, 24, 0.23169
29, 25, -1
29, 26, 0.490451
29, 27, -1
29, 28, -1
29, 29, -1
29, 30, -1
29, 31, 0.552914
29, 32, 0.945459
29, 33, -1
29, 34, 0.847333
29, 35, 0.869638
29, 36, -1
29, 37, -1
29, 38, -1
29, 39, 0.967778
29, 40, -1
29, 41, 0.200477
29, 42, -1
29, 43, -1
29, 44, -1
29, 45, -1
29, 46, 0.6377
29, 47, 0.914271
29, 48, 0.999023
29, 49, 0.860749
29, 50, 0.740309
29, 51, -1
29, 52, -1
29, 53, 0.829532
29, 54, -1
29, 55, 0.927672
29, 56, 0.999044
29, 57, 0.999046
29, 58, 0.999049
29, 59, 0.999052
29, 60, -1
29, 61, -1
29, 62, -1
29, 63, -1
29, 64, 0.606463
29, 65, -1
29, 66, -1
29, 67, 0.914319
29, 68, 0.842948
29, 69, -1
29, 70, -1
29, 71, 0.999082
29, 72, 0.999085
29, 73, 0.981244
29, 74, 0.99909
29, 75, 0.918799
29, 76, 0.936644
29, 77, 0.999098
29, 78, 0.9991
29, 79, 0.999103
29, 80, 0.566339
29, 81, -1
29, 82, -1
29, 83, 0.999113
29, 84, 0.860827
29, 85, 0.999118
29, 86, 0.954512
29, 87, -1
29, 88, 0.976821
29, 89, -1
29, 90, 0.999131
29, 91, -1
29, 92, 0.963449
29, 93, -1
29, 94, 0.963454
29, 95, -1
29, 96, 0.829626
29, 97, -1
29, 98, 0.936697
29, 99, -1
29, 100, 0.392405
29, 101, -1
29, 102, -1
29, 103, 0.0934091
29, 104, -1
29, 105, -1
29, 106, -1
29, 107, 0.999174
29, 108, 0.999177
29, 109, 0.200549
29, 110, -1
29, 111, -1
29, 112, -1
29, 113, -1
29, 114, -1
29, 115, -1
29, 116, -1
29, 117, -1
29, 118, -1
29, 119, -1
29, 120, 0.62891
29, 121, 0.0934659
29, 122, -0.0270208
29, 123, 0.677953
29, 124, 0.999218
29, 125, 0.99922
29, 126, 0.967994
29, 127, -1
29, 128, 0.923386
29, 129, -1
29, 130, -1
29, 131, -1
29, 132, -1
29, 133, -1
29, 134, -1
29, 135, -1
29, 136, -1
29, 137, -1
29, 138, -1
29, 139, -0.0448586
29, 140, 0.396882
29, 141, 0.419234
29, 142, 0.45043
29, 143, 0.968036
29, 144, 0.990346
29, 145, -1
29, 146, 0.910044
29, 147, 0.945739
29, 148, 0.976972
29, 149, 0.999282
29, 150, -1
29, 151, -1
29, 152, -1
29, 153, -1
29, 154, -1
29, 155, -1
29, 156, -1
29, 157, -1
29, 158, -1
29, 159, -1
29, 160, 0.0354465
29, 161, 0.892233
29, 162, 0.892235
29, 163, -1
29, 164, 0.99932
29, 165, -1
29, 166, 0.999325
29, 167, -1
29, 168, -1
29, 169, 0.74501
29, 170, -1
29, 171, 0.312179
29, 172, 0.450514
29, 173, -1
29, 174, -1
29, 175, -1
29, 176, -1
29, 177, -1
29, 178, -1
29, 179, -1
29, 180, -1
29, 181, 0.838736
29, 182, 0.88782
29, 183, -1
29, 184, -1
29, 185, 0.999374
29, 186, -1
29, 187, 0.999379
29, 188, 0.945839
29, 189, 0.834292
29, 190, -1
29, 191, -1
29, 192, -1
29, 193, -1
29, 194, -1
29, 195, -1
29, 196, 0.200602
29, 197, -1
29, 198, -1
29, 199, -1
29, 200, -1
29, 201, 0.365728
29, 202, -1
29, 203, -1
29, 204, 0.910181
29, 205, 0.981577
29, 206, 0.825405
29, 207, -1
29, 208, 0.910191
29, 209, -1
29, 210, -1
29, 211, 0.923584
29, 212, -1
29, 213, -1
29, 214, 0.986061
29, 215, 0.642467
29, 216, -1
29, 217, -1
29, 218, -1
29, 219, -1
29, 220, -1
29, 221, -1
29, 222, -1
29, 223, -1
29, 224, 0.709421
29, 225, 0.901306
29, 226, 0.713887
29, 227, -1
29, 228, -1
29, 229, -1
29, 230, -1
29, 231, -1
29, 232, 0.249774
29, 233, -1
29, 234, -1
29, 235, -1
29, 236, 0.968268
29, 237, -1
29, 238, 0.731761
29, 239, -1
29, 240, 0.39706
29, 241, -1
29, 242, -1
29, 243, -1
29, 244, -1
29, 245, -1
29, 246, 0.807642
29, 247, 0.999532
29, 248, 0.999535
29, 249, -1
29, 250, 0.758561
29, 251, -1
29, 252, -1
29, 253, -1
29, 254, 0.959387
29, 255, 0.575597
29, 256, -1
29, 257, 0.999558
29, 258, 0.843369
29, 259, -1
29, 260, 0.678251
29, 261, 0.575607
29, 262, -1
29, 263, -1
29, 264, -1
29, 265, -1
29, 266, -1
29, 267, -1
29, 268, -1
29, 269, 0.093602
29, 270, -1
29, 271, 0.999593
29, 272, 0.946043
29, 273, -1
29, 274, -1
29, 275, -1
29, 276, -1
29, 277, -1
29, 278, 0.593488
29, 279, -1
29, 280, -1
29, 281, -1
29, 282, 0.151638
29, 283, -1
29, 284, -1
29, 285, -1
29, 286, -1
29, 287, -1
29, 288, -1
29, 289, -1
29, 290, -1
29, 291, -1
29, 292, -1
29, 293, 0.972872
29, 294, 0.937171
29, 295, 0.722948
29, 296, 0.852379
29, 297, -1
29, 298, 0.919329
29, 299, 0.901479
29, 300, 0.798831
29, 301, 0.861316
29, 302, -1
29, 303, -1
29, 304, -1
29, 305, -1
29, 306, -1
29, 307, -1
29, 308, -1
29, 309, 0.410505
29, 310, -1
29, 311, -1
29, 312, -1
29, 313, 0.977385
29, 314, -1
29, 315, 0.0222265
29, 316, 0.598017
29, 317, 0.910448
29, 318, -1
29, 319, -1
29, 320, -1
29, 321, -1
29, 322, -1
29, 323, 0.446272
29, 324, 0.910464
29, 325, -1
29, 326, -1
29, 327, 0.352544
29, 328, 0.727477
29, 329, 0.999742
29, 330, 0.879235
29, 331, 0.999747
29, 332, -1
29, 333, 0.946192
29, 334, 0.923878
29, 335, 0.566805
29, 336, 0.410583
29, 337, 0.946202
29, 338, -1
29, 339, 0.999767
29, 340, -1
29, 341, -1
29, 342, 0.91497
29, 343, 0.830167
29, 344, 0.901584
29, 345, 0.990856
29, 346, 0.999785
29, 347, 0.999788
29, 348, -1
29, 349, -1
29, 350, -1
29, 351, 0.950699
29, 352, -1
29, 353, -1
29, 354, 0.611474
29, 355, 0.848047
29, 356, -1
29, 357, 0.999813
29, 358, 0.977498
29, 359, 0.85248
29, 360, 0.848058
29, 361, -1
29, 362, -1
29, 363, 0.888238
29, 364, 0.700766
29, 365, -1
29, 366, 0.977518
29, 367, 0.92842
29, 368, 0.830221
29, 369, 0.843615
29, 370, 0.807907
29, 371, 0.839155
29, 372, 0.999852
29, 373, 0.995391
29, 374, -1
29, 375, 0.906121
29, 376, 0.437382
29, 377, 0.973082
29, 378, 0.700793
29, 379, -1
29, 380, 0.999872
29, 381, -0.147352
29, 382, -1
29, 383, 0.803471
29, 384, -1
29, 385, 0.62492
29, 386, 0.754375
29, 387, 0.94186
29, 388, -1
29, 389, -1
29, 390, 0.999898
29, 391, 0.928478
29, 392, -1
29, 393, -1
29, 394, 0.910629
29, 395, 0.941879
29, 396, 0.999913
29, 397, 0.999916
29, 398, 0.999918
29, 399, 0.897249
30, 0, -1
30, 1, -1
30, 2, -1
30, 3, 0.8205
30, 4, 0.758057
30, 5, 0.0710094
30, 6, 0.0531632
30, 7, 0.566255
30, 8, 0.731302
30, 9, -1
30, 10, -1
30, 11, 0.762532
30, 12, 0.758073
30, 13, 0.762536
30, 14, -1
30, 15, -1
30, 16, 0.191485
30, 17, 0.548388
30, 18, 0.998944
30, 19, -1
30, 20, 0.802655
30, 21, 0.606387
30, 22, 0.651037
30, 23, 0.909752
30, 24, 0.633157
30, 25, 0.905296
30, 26, 0.900838
30, 27, -1
30, 28, 0.0353345
30, 29, 0.401229
30, 30, 0.285234
30, 31, -0.0672904
30, 32, 0.597524
30, 33, 0.642135
30, 34, -0.236856
30, 35, 0.762581
30, 36, -1
30, 37, 0.909785
30, 38, -0.0895965
30, 39, 0.958855
30, 40, 0.999
30, 41, -0.0315859
30, 42, -1
30, 43, 0.0442712
30, 44, -1
30, 45, 0.0487349
30, 46, 0.405714
30, 47, 0.0353505
30, 48, -1
30, 49, -1
30, 50, 0.454795
30, 51, -1
30, 52, -0.0271153
30, 53, 0.303068
30, 54, -1
30, 55, -1
30, 56, -1
30, 57, -1
30, 58, -1
30, 59, 0.258458
30, 60, 0.936563
30, 61, -1
30, 62, 0.472659
30, 63, -1
30, 64, 0.102296
30, 65, -1
30, 66, 0.878628
30, 67, 0.236158
30, 68, 0.155885
30, 69, 0.668968
30, 70, -1
30, 71, -1
30, 72, -1
30, 73, 0.0532212
30, 74, 0.236206
30, 75, -1
30, 76, 0.56633
30, 77, -1
30, 78, 0.758208
30, 79, 0.0532264
30, 80, -1
30, 81, 0.271869
30, 82, -1
30, 83, 0.530691
30, 84, 0.441461
30, 85, 0.289762
30, 86, 0.695767
30, 87, 0.686847
30, 88, 0.619928
30, 89, -1
30, 90, -1
30, 91, -1
30, 92, 0.579782
30, 93, 0.691319
30, 94, -1
30, 95, -1
30, 96, 0.267425
30, 97, 0.798398
30, 98, 0.20942
30, 99, -1
30, 100, 0.914395
30, 101, 0.780561
30, 102, 0.552989
30, 103, 0.44595
30, 104, 0.240702
30, 105, -1
30, 106, -1
30, 107, -1
30, 108, 0.3121
30, 109, 0.405802
30, 110, 0.401341
30, 111, -1
30, 112, -1
30, 113, -0.205575
30, 114, 0.584281
30, 115, -1
30, 116, -1
30, 117, 0.691365
30, 118, 0.361154
30, 119, 0.343307
30, 120, 0.999205
30, 121, 0.490555
30, 122, 0.307615
30, 123, -1
30, 124, -0.125239
30, 125, 0.789535
30, 126, -1
30, 127, -1
30, 128, -1
30, 129, 0.392444
30, 130, -1
30, 131, -1
30, 132, -0.0315169
30, 133, -1
30, 134, 0.704783
30, 135, -1
30, 136, -1
30, 137, 0.544163
30, 138, 0.303172
30, 139, -1
30, 140, 0.637868
30, 141, -1
30, 142, -1
30, 143, 0.294254
30, 144, -1
30, 145, -1
30, 146, -1
30, 147, -1
30, 148, -1
30, 149, 0.704812
30, 150, 0.673581
30, 151, 0.0845674
30, 152, -1
30, 153, -1
30, 154, -1
30, 155, 0.468337
30, 156, 0.651282
30, 157, -0.245718
30, 158, -0.165383
30, 159, 0.968074
30, 160, -1
30, 161, -1
30, 162, -1
30, 163, 0.124702
30, 164, 0.0443745
30, 165, 0.539747
30, 166, 0.562019
30, 167, 0.28982
30, 168, -1
30, 169, -1
30, 170, 0.704812
30, 171, 0.584378
30, 172, -1
30, 173, 0.526373
30, 174, 0.218428
30, 175, -1
30, 176, 0.0711615
30, 177, 0.45052
30, 178, 0.138104
30, 179, 0.713753
30, 180, 0.468334
30, 181, 0.919048
30, 182, 0.588819
30, 183, 0.557625
30, 184, 0.816431
30, 185, -1
30, 186, -1
30, 187, 0.59329
30, 188, 0.691501
30, 189, -1
30, 190, -1
30, 191, 0.959229
30, 192, 0.0667128
30, 193, -1
30, 194, -1
30, 195, 0.646891
30, 196, -0.259087
30, 197, 0.762913
30, 198, 0.695942
30, 199, 0.910167
30, 200, 0.816425
30, 201, 0.593354
30, 202, 0.155979
30, 203, 0.432668
30, 204, -1
30, 205, 0.637985
30, 206, 0.731696
30, 207, 0.285406
30, 208, -1
30, 209, -1
30, 210, -1
30, 211, -1
30, 212, -1
30, 213, -1
30, 214, -1
30, 215, 0.222936
30, 216, 0.347936
30, 217, 0.73618
30, 218, -1
30, 219, -1
30, 220, -0.0939344
30, 221, -1
30, 222, 0.803126
30, 223, 0.173893
30, 224, -1
30, 225, 0.142613
30, 226, -1
30, 227, 0.31667
30, 228, 0.780826
30, 229, 0.611253
30, 230, -1
30, 231, 0.236342
30, 232, 0.151546
30, 233, -1
30, 234, -1
30, 235, 0.138201
30, 236, -1
30, 237, 0.834395
30, 238, 0.41933
30, 239, 0.736224
30, 240, 0.950425
30, 241, 0.602308
30, 242, -1
30, 243, 0.303341
30, 244, 0.807635
30, 245, -1
30, 246, -1
30, 247, -1
30, 248, -1
30, 249, -1
30, 250, -1
30, 251, -1
30, 252, -0.267986
30, 253, -0.0715951
30, 254, 0.392615
30, 255, -1
30, 256, -1
30, 257, -1
30, 258, 0.660395
30, 259, -1
30, 260, 0.968325
30, 261, 0.138186
30, 262, -1
30, 263, -1
30, 264, 0.669331
30, 265, -1
30, 266, 0.713964
30, 267, -0.0939023
30, 268, -1
30, 269, -1
30, 270, -1
30, 271, 0.42388
30, 272, 0.258704
30, 273, -1
30, 274, -1
30, 275, -1
30, 276, 0.249782
30, 277, 0.325658
30, 278, -0.174238
30, 279, -1
30, 280, 0.838952
30, 281, 0.374759
30, 282, -1
30, 283, -1
30, 284, -1
30, 285, 0.780945
30, 286, -1
30, 287, 0.794338
30, 288, 0.589
30, 289, 0.566727
30, 290, 0.200702
30, 291, -1
30, 292, -0.0313553
30, 293, 0.129331
30, 294, -1
30, 295, -1
30, 296, 0.580128
30, 297, -1
30, 298, 0.660468
30, 299, 0.937181
30, 300, -0.290281
30, 301, 0.508684
30, 302, 0.655972
30, 303, -1
30, 304, 0.673869
30, 305, 0.566754
30, 306, -1
30, 307, -1
30, 308, -0.142975
30, 309, -1
30, 310, -1
30, 311, -1
30, 312, 0.495352
30, 313, -1
30, 314, 0.410551
30, 315, 0.68728
30, 316, 0.535528
30, 317, 0.807792
30, 318, 0.0355788
30, 319, -1
30, 320, 0.25876
30, 321, 0.968476
30, 322, -1
30, 323, -1
30, 324, -1
30, 325, -1
30, 326, 0.937246
30, 327, -1
30, 328, -1
30, 329, -1
30, 330, 0.834599
30, 331, -1
30, 332, 0.419503
30, 333, -1
30, 334, 0.499849
30, 335, -0.071537
30, 336, 0.709637
30, 337, 0.642687
30, 338, -1
30, 339, -1
30, 340, -1
30, 341, 0.147192
30, 342, -1
30, 343, 0.825701
30, 344, 0.169513
30, 345, -1
30, 346, -0.000108063
30, 347, -1
30, 348, 0.459698
30, 349, 0.303431
30, 350, -0.290257
30, 351, -1
30, 352, -1
30, 353, 0.0534636
30, 354, -0.263472
30, 355, 0.343612
30, 356, -1
30, 357, -1
30, 358, 0.276659
30, 359, 0.214167
30, 360, -1
30, 361, -0.259004
30, 362, 0.115966
30, 363, 0.910554
30, 364, -0.200971
30, 365, -1
30, 366, -1
30, 367, -1
30, 368, -1
30, 369, -1
30, 370, -1
30, 371, -1
30, 372, 0.562361
30, 373, -1
30, 374, -1
30, 375, 0.584726
30, 376, 0.964149
30, 377, -1
30, 378, -1
30, 379, 0.86149
30, 380, 0.415067
30, 381, -1
30, 382, 0.999875
30, 383, 0.584699
30, 384, -1
30, 385, -1
30, 386, -1
30, 387, 0.660633
30, 388, -1
30, 389, 0.0401026
30, 390, 0.906154
30, 391, -1
30, 392, 0.69189
30, 393, -1
30, 394, 0.785637
30, 395, 0.557976
30, 396, 0.232063
30, 397, 0.892778
30, 398, 0.705293
30, 399, -0.294698
31, 0, -1
31, 1, 0.940918
31, 2, 0.0486971
31, 3, -1
31, 4, 0.887404
31, 5, -1
31, 6, -1
31, 7, 0.677731
31, 8, -1
31, 9, 0.972158
31, 10, -1
31, 11, 0.972163
31, 12, -1
31, 13, 0.842822
31, 14, 0.133481
31, 15, -1
31, 16, -1
31, 17, -0.210092
31, 18, 0.646527
31, 19, 0.936502
31, 20, 0.749167
31, 21, -0.0182157
31, 22, 0.789316
31, 23, -1
31, 24, 0.0130206
31, 25, 0.543939
31, 26, -1
31, 27, 0.967743
31, 28, -1
31, 29, 0.887421
31, 30, 0.896385
31, 31, -1
31, 32, -1
31, 33, 0.726889
31, 34, 0.798262
31, 35, -1
31, 36, -1
31, 37, 0.361046
31, 38, 0.789349
31, 39, -1
31, 40, 0.651028
31, 41, 0.874108
31, 42, 0.69122
31, 43, -1
31, 44, 0.677841
31, 45, -1
31, 46, 0.057659
31, 47, -1
31, 48, -1
31, 49, -1
31, 50, 0.651086
31, 51, 0.267411
31, 52, -1
31, 53, 0.396759
31, 54, -1
31, 55, 0.320916
31, 56, -1
31, 57, -1
31, 58, -1
31, 59, -1
31, 60, 0.619836
31, 61, 0.0755204
31, 62, 0.410156
31, 63, 0.392352
31, 64, 0.307542
31, 65, -1
31, 66, 0.718032
31, 67, -1
31, 68, 0.633275
31, 69, -1
31, 70, -1
31, 71, -1
31, 72, -1
31, 73, -0.0181351
31, 74, -1
31, 75, -1
31, 76, 0.60202
31, 77, 0.66452
31, 78, -1
31, 79, 0.936647
31, 80, 0.566335
31, 81, -1
31, 82, -0.312698
31, 83, 0.316489
31, 84, -1
31, 85, 0.124626
31, 86, 0.584232
31, 87, -1
31, 88, -1
31, 89, -1
31, 90, -0.268026
31, 91, -0.308191
31, 92, 0.0443525
31, 93, -1
31, 94, -1
31, 95, -1
31, 96, -1
31, 97, 0.428093
31, 98, -1
31, 99, 0.883162
31, 100, -1
31, 101, -1
31, 102, 0.490564
31, 103, -1
31, 104, 0.825178
31, 105, -1
31, 106, -1
31, 107, -0.147564
31, 108, 0.200546
31, 109, -1
31, 110, -1
31, 111, -1
31, 112, -1
31, 113, 0.499505
31, 114, -0.0583067
31, 115, -1
31, 116, 0.597668
31, 117, -0.0583045
31, 118, 0.780595
31, 119, -1
31, 120, 0.887672
31, 121, 0.428087
31, 122, 0.495057
31, 123, 0.490556
31, 124, 0.521791
31, 125, 0.807378
31, 126, 0.744879
31, 127, 0.254114
31, 128, 0.356744
31, 129, 0.200569
31, 130, -1
31, 131, 0.347824
31, 132, 0.218421
31, 133, -1
31, 134, 0.213961
31, 135, 0.361216
31, 136, -1
31, 137, 0.34337
31, 138, -1
31, 139, 0.9011
31, 140, 0.92341
31, 141, -1
31, 142, 0.642331
31, 143, 0.490627
31, 144, 0.677989
31, 145, -1
31, 146, -1
31, 147, -1
31, 148, 0.276449
31, 149, 0.419243
31, 150, -1
31, 151, -1
31, 152, -1
31, 153, -1
31, 154, 0.0845692
31, 155, 0.124733
31, 156, -1
31, 157, -0.0314987
31, 158, -1
31, 159, 0.762793
31, 160, -1
31, 161, 0.490615
31, 162, -0.218937
31, 163, 0.437071
31, 164, 0.352289
31, 165, -1
31, 166, 0.0399126
31, 167, 0.294281
31, 168, -1
31, 169, -1
31, 170, -1
31, 171, -1
31, 172, -0.0180988
31, 173, -1
31, 174, -1
31, 175, -1
31, 176, -1
31, 177, -1
31, 178, -1
31, 179, 0.999353
31, 180, -1
31, 181, 0.736066
31, 182, -1
31, 183, -1
31, 184, -1
31, 185, 0.919055
31, 186, 0.557588
31, 187, -1
31, 188, 0.972605
31, 189, -0.276944
31, 190, 0.205056
31, 191, -0.192143
31, 192, -1
31, 193, -1
31, 194, -1
31, 195, -1
31, 196, -1
31, 197, -1
31, 198, 0.517446
31, 199, -1
31, 200, 0.410349
31, 201, 0.910169
31, 202, 0.611163
31, 203, -1
31, 204, 0.678142
31, 205, 0.820936
31, 206, 0.566586
31, 207, 0.258668
31, 208, -1
31, 209, -0.241228
31, 210, -1
31, 211, -1
31, 212, 0.0846218
31, 213, -1
31, 214, 0.981554
31, 215, -1
31, 216, 0.731673
31, 217, 0.932518
31, 218, -1
31, 219, -1
31, 220, -0.00913544
31, 221, 0.99946
31, 222, 0.57996
31, 223, -1
31, 224, 0.762966
31, 225, 0.499638
31, 226, -1
31, 227, 0.316709
31, 228, 0.298859
31, 229, -0.120668
31, 230, -0.0581822
31, 231, -1
31, 232, 0.682657
31, 233, -1
31, 234, -1
31, 235, 0.0176554
31, 236, 0.825466
31, 237, 0.584489
31, 238, -1
31, 239, 0.249739
31, 240, -1
31, 241, -1
31, 242, -1
31, 243, -1
31, 244, -1
31, 245, 0.222968
31, 246, -1
31, 247, 0.789789
31, 248, 0.102467
31, 249, -0.0269254
31, 250, 0.0444874
31, 251, 0.214088
31, 252, 0.548772
31, 253, -1
31, 254, 0.0756931
31, 255, -1
31, 256, 0.526504
31, 257, 0.6113
31, 258, -1
31, 259, 0.914769
31, 260, 0.847831
31, 261, 0.767505
31, 262, -1
31, 263, 0.281008
31, 264, 0.870154
31, 265, -1
31, 266, 0.700573
31, 267, 0.0132183
31, 268, 0.905865
31, 269, 0.423875
31, 270, 0.16055
31, 271, -1
31, 272, 0.597937
31, 273, 0.571161
31, 274, 0.428346
31, 275, -1
31, 276, -1
31, 277, 0.776464
31, 278, 0.7363
31, 279, 0.852296
31, 280, 0.763081
31, 281, 0.298883
31, 282, -1
31, 283, -1
31, 284, 0.727386
31, 285, 0.615772
31, 286, -1
31, 287, 0.624702
31, 288, 0.249795
31, 289, -1
31, 290, -1
31, 291, -1
31, 292, -1
31, 293, -1
31, 294, -0.102812
31, 295, 0.205169
31, 296, -0.147446
31, 297, 0.999655
31, 298, 0.981806
31, 299, -1
31, 300, -1
31, 301, 0.669399
31, 302, -1
31, 303, -1
31, 304, -1
31, 305, 0.946119
31, 306, -1
31, 307, 0.557788
31, 308, 0.870214
31, 309, 0.343551
31, 310, 0.749753
31, 311, -1
31, 312, -1
31, 313, -1
31, 314, -1
31, 315, 0.669384
31, 316, 0.946146
31, 317, -1
31, 318, 0.977393
31, 319, -1
31, 320, -1
31, 321, 0.089144
31, 322, -1
31, 323, 0.629269
31, 324, -1
31, 325, -0.0135167
31, 326, 0.392672
31, 327, 0.365932
31, 328, -1
31, 329, -1
31, 330, 0.843524
31, 331, 0.263235
31, 332, 0.249845
31, 333, 0.825637
31, 334, 0.861386
31, 335, 0.843535
31, 336, 0.557836
31, 337, -0.223306
31, 338, -1
31, 339, 0.999762
31, 340, 0.999765
31, 341, -1
31, 342, 0.272175
31, 343, 0.517676
31, 344, -1
31, 345, -1
31, 346, 0.343639
31, 347, 0.397164
31, 348, -1
31, 349, 0.606998
31, 350, 0.981936
31, 351, 0.102563
31, 352, 0.812328
31, 353, -1
31, 354, -1
31, 355, -1
31, 356, 0.352539
31, 357, 0.0400746
31, 358, 0.290049
31, 359, 0.25434
31, 360, 0.187384
31, 361, -1
31, 362, -1
31, 363, -1
31, 364, 0.303448
31, 365, -1
31, 366, 0.535608
31, 367, 0.584711
31, 368, -1
31, 369, 0.633815
31, 370, -1
31, 371, 0.999844
31, 372, 0.839153
31, 373, 0.638246
31, 374, 0.0713366
31, 375, 0.522231
31, 376, 0.812339
31, 377, -1
31, 378, -1
31, 379, 0.968618
31, 380, -1
31, 381, -1
31, 382, -1
31, 383, 0.740973
31, 384, 0.714192
31, 385, -1
31, 386, 0.258875
31, 387, 0.419579
31, 388, 0.705232
31, 389, -1
31, 390, -1
31, 391, 0.656175
31, 392, -1
31, 393, -1
31, 394, 0.870449
31, 395, -0.0134621
31, 396, -1
31, 397, 0.285632
31, 398, -1
31, 399, -0.129526
32, 0, -1
32, 1, 0.178083
32, 2, -1
32, 3, 0.695604
32, 4, 0.981063
32, 5, 0.146856
32, 6, 0.762477
32, 7, -1
32, 8, 0.432385
32, 9, 0.477037
32, 10, -1
32, 11, 0.93648
32, 12, -1
32, 13, 0.722387
32, 14, -1
32, 15, 0.0531693
32, 16, 0.869588
32, 17, -1
32, 18, -0.165469
32, 19, -1
32, 20, 0.967723
32, 21, 0.811614
32, 22, 0.998949
32, 23, -1
32, 24, 0.998954
32, 25, 0.29857
32, 26, 0.111183
32, 27, 0.557363
32, 28, 0.981124
32, 29, 0.659928
32, 30, -1
32, 31, 0.976671
32, 32, 0.940991
32, 33, -1
32, 34, 0.686742
32, 35, 0.517187
32, 36, -0.0672883
32, 37, -1
32, 38, 0.869638
32, 39, 0.96777
32, 40, 0.998995
32, 41, 0.383357
32, 42, -1
32, 43, 0.628727
32, 44, -1
32, 45, -1
32, 46, -1
32, 47, -0.129752
32, 48, -1
32, 49, 0.726879
32, 50, -1
32, 51, -1
32, 52, -1
32, 53, -1
32, 54, -1
32, 55, 0.436914
32, 56, -1
32, 57, 0.191526
32, 58, -1
32, 59, 0.0933659
32, 60, -1
32, 61, -0.218993
32, 62, -1
32, 63, 0.178147
32, 64, -1
32, 65, 0.544002
32, 66, 0.361123
32, 67, 0.240618
32, 68, 0.548468
32, 69, -1
32, 70, -0.165437
32, 71, 0.0532177
32, 72, 0.686814
32, 73, 0.151386
32, 74, 0.378981
32, 75, 0.325401
32, 76, 0.325443
32, 77, -1
32, 78, 0.713593
32, 79, 0.704672
32, 80, -1
32, 81, 0.990179
32, 82, -1
32, 83, -1
32, 84, 0.972343
32, 85, 0.651149
32, 86, 0.414691
32, 87, -1
32, 88, -1
32, 89, -1
32, 90, -1
32, 91, 0.633314
32, 92, -1
32, 93, -1
32, 94, -1
32, 95, -1
32, 96, 0.209456
32, 97, 0.401321
32, 98, 0.909924
32, 99, 0.29866
32, 100, -1
32, 101, -1
32, 102, 0.664524
32, 103, 0.856402
32, 104, 0.075558
32, 105, -1
32, 106, -1
32, 107, 0.138073
32, 108, -1
32, 109, 0.918872
32, 110, 0.673502
32, 111, -1
32, 112, -0.067234
32, 113, 0.495001
32, 114, -1
32, 115, -1
32, 116, -1
32, 117, 0.673515
32, 118, -1
32, 119, 0.825209
32, 120, 0.14697
32, 121, -1
32, 122, 0.669023
32, 123, -0.143092
32, 124, -0.210033
32, 125, -0.000285718
32, 126, -1
32, 127, -1
32, 128, -1
32, 129, -1
32, 130, -1
32, 131, 0.628884
32, 132, 0.878774
32, 133, -0.174325
32, 134, 0.615544
32, 135, -1
32, 136, -1
32, 137, 0.361217
32, 138, 0.749403
32, 139, 0.588782
32, 140, -1
32, 141, 0.914487
32, 142, -1
32, 143, 0.39242
32, 144, -1
32, 145, -1
32, 146, -1
32, 147, 0.16935
32, 148, 0.289835
32, 149, -0.0181174
32, 150, 0.999276
32, 151, -0.031504
32, 152, 0.191627
32, 153, -1
32, 154, 0.303189
32, 155, 0.865442
32, 156, 0.561999
32, 157, 0.852062
32, 158, -0.0538127
32, 159, 0.325507
32, 160, 0.700327
32, 161, 0.450454
32, 162, 0.874382
32, 163, 0.026521
32, 164, -1
32, 165, 0.276428
32, 166, -1
32, 167, 0.535285
32, 168, -0.138601
32, 169, -1
32, 170, 0.740544
32, 171, 0.0533446
32, 172, 0.557604
32, 173, 0.151485
32, 174, -1
32, 175, 0.588844
32, 176, -1
32, 177, 0.312142
32, 178, 0.419242
32, 179, 0.499565
32, 180, -1
32, 181, -1
32, 182, 0.526384
32, 183, 0.138107
32, 184, -1
32, 185, -1
32, 186, 0.936903
32, 187, 0.352358
32, 188, -1
32, 189, 0.120262
32, 190, -1
32, 191, 0.0846018
32, 192, 0.637958
32, 193, -1
32, 194, -1
32, 195, 0.160433
32, 196, 0.303241
32, 197, -1
32, 198, -1
32, 199, 0.887852
32, 200, -1
32, 201, -1
32, 202, -1
32, 203, 0.749535
32, 204, 0.446054
32, 205, -1
32, 206, -1
32, 207, -1
32, 208, 0.999425
32, 209, 0.843254
32, 210, -1
32, 211, 0.24078
32, 212, 0.102473
32, 213, 0.535359
32, 214, -1
32, 215, -1
32, 216, 0.629076
32, 217, -1
32, 218, 0.057808
32, 219, 0.263144
32, 220, -1
32, 221, -1
32, 222, 0.316661
32, 223, 0.396992
32, 224, 0.96823
32, 225, -1
32, 226, -1
32, 227, -1
32, 228, -1
32, 229, -1
32, 230, 0.258653
32, 231, -0.0626857
32, 232, -1
32, 233, 0.941479
32, 234, -1
32, 235, 0.64692
32, 236, -1
32, 237, -1
32, 238, 0.468458
32, 239, -1
32, 240, 0.999506
32, 241, 0.365777
32, 242, 0.722798
32, 243, 0.727303
32, 244, -1
32, 245, -1
32, 246, 0.343469
32, 247, -1
32, 248, -1
32, 249, -1
32, 250, 0.106931
32, 251, -1
32, 252, 0.638066
32, 253, 0.883514
32, 254, 0.780876
32, 255, 0.0980092
32, 256, 0.334596
32, 257, 0.72733
32, 258, -1
32, 259, -1
32, 260, -1
32, 261, 0.767503
32, 262, -1
32, 263, -1
32, 264, 0.829987
32, 265, -1
32, 266, 0.437219
32, 267, 0.52652
32, 268, -1
32, 269, -1
32, 270, 0.281016
32, 271, -1
32, 272, 0.834427
32, 273, -1
32, 274, -0.022484
32, 275, 0.97282
32, 276, -1
32, 277, 0.896958
32, 278, -0.165312
32, 279, -1
32, 280, -1
32, 281, 0.575636
32, 282, -1
32, 283, 0.446169
32, 284, -1
32, 285, -1
32, 286, -1
32, 287, -1
32, 288, 0.419438
32, 289, -1
32, 290, -1
32, 291, -1
32, 292, -1
32, 293, -1
32, 294, -1
32, 295, 0.821129
32, 296, -1
32, 297, 0.90593
32, 298, 0.321219
32, 299, -1
32, 300, -1
32, 301, -1
32, 302, 0.767587
32, 303, 0.459588
32, 304, 0.682792
32, 305, -0.321526
32, 306, -1
32, 307, 0.258783
32, 308, 0.102562
32, 309, -1
32, 310, -1
32, 311, 0.218616
32, 312, -0.192034
32, 313, -1
32, 314, -1
32, 315, -1
32, 316, 0.584582
32, 317, -1
32, 318, -1
32, 319, -1
32, 320, -1
32, 321, -1
32, 322, -0.169749
32, 323, -1
32, 324, -1
32, 325, -1
32, 326, 0.00437842
32, 327, -1
32, 328, -1
32, 329, -1
32, 330, 0.303445
32, 331, 0.191856
32, 332, -1
32, 333, 0.205249
32, 334, -1
32, 335, 0.977433
32, 336, 0.999752
32, 337, -1
32, 338, 0.888133
32, 339, 0.914956
32, 340, 0.334663
32, 341, 0.258782
32, 342, 0.0445248
32, 343, -1
32, 344, 0.615914
32, 345, 0.763212
32, 346, -1
32, 347, 0.18741
32, 348, 0.566782
32, 349, 0.36592
32, 350, 0.169558
32, 351, 0.727516
32, 352, -0.227762
32, 353, -0.11166
32, 354, 0.566832
32, 355, 0.303435
32, 356, -1
32, 357, 0.455205
32, 358, 0.432888
32, 359, -1
32, 360, 0.789985
32, 361, -1
32, 362, 0.874798
32, 363, 0.374866
32, 364, 0.535603
32, 365, 0.419547
32, 366, -1
32, 367, -0.0358043
32, 368, 0.852533
32, 369, -1
32, 370, -1
32, 371, -1
32, 372, 0.513256
32, 373, 0.718592
32, 374, -1
32, 375, -1
32, 376, -1
32, 377, 0.294535
32, 378, 0.709715
32, 379, 0.821271
32, 380, 0.915053
32, 381, 0.999867
32, 382, -1
32, 383, -1
32, 384, 0.651656
32, 385, 0.89721
32, 386, 0.910603
32, 387, -0.10275
32, 388, -1
32, 389, 0.865972
32, 390, -1
32, 391, 0.499894
32, 392, 0.999895
32, 393, 0.865981
32, 394, 0.71421
32, 395, 0.361517
32, 396, 0.0713553
32, 397, 0.749887
32, 398, -1
32, 399, -1
33, 0, 0.829408
33, 1, -1
33, 2, 0.878474
33, 3, -0.290423
33, 4, 0.642037
33, 5, 0.940923
33, 6, -0.25026
33, 7, 0.998908
33, 8, -1
33, 9, -1
33, 10, -1
33, 11, 0.459195
33, 12, 0.454735
33, 13, 0.325322
33, 14, 0.766992
33, 15, -1
33, 16, -1
33, 17, -1
33, 18, 0.994436
33, 19, -1
33, 20, -1
33, 21, 0.543969
33, 22, 0.392253
33, 23, 0.891904
33, 24, -1
33, 25, -1
33, 26, -1
33, 27, 0.717912
33, 28, 0.655503
33, 29, -1
33, 30, -0.227935
33, 31, 0.387804
33, 32, -1
33, 33, -1
33, 34, 0.954374
33, 35, -1
33, 36, -1
33, 37, 0.914238
33, 38, 0.749199
33, 39, -1
33, 40, -1
33, 41, 0.775969
33, 42, 0.53058
33, 43, 0.735786
33, 44, -1
33, 45, -1
33, 46, 0.490475
33, 47, -1
33, 48, -1
33, 49, -1
33, 50, -1
33, 51, -1
33, 52, 0.262948
33, 53, 0.383413
33, 54, -1
33, 55, -1
33, 56, -1
33, 57, -1
33, 58, 0.847337
33, 59, 0.610949
33, 60, -1
33, 61, -1
33, 62, -1
33, 63, 0.236191
33, 64, -1
33, 65, 0.18265
33, 66, 0.0933714
33, 67, -1
33, 68, 0.753721
33, 69, -1
33, 70, -1
33, 71, 0.196042
33, 72, 0.0666445
33, 73, -1
33, 74, -1
33, 75, 0.784962
33, 76, 0.834035
33, 77, 0.972323
33, 78, -1
33, 79, -1
33, 80, -1
33, 81, 0.628793
33, 82, -0.241295
33, 83, 0.54407
33, 84, -1
33, 85, -1
33, 86, 0.535152
33, 87, -1
33, 88, 0.914359
33, 89, -1
33, 90, 0.338845
33, 91, 0.53516
33, 92, -1
33, 93, -1
33, 94, 0.0978593
33, 95, 0.0130767
33, 96, 0.320965
33, 97, 0.19607
33, 98, -1
33, 99, -1
33, 100, 0.682364
33, 101, -1
33, 102, 0.727022
33, 103, -1
33, 104, 0.50395
33, 105, 0.606568
33, 106, -1
33, 107, -1
33, 108, -1
33, 109, -1
33, 110, -1
33, 111, -1
33, 112, 0.20497
33, 113, -1
33, 114, 0.347799
33, 115, -0.0270292
33, 116, 0.142503
33, 117, -1
33, 118, 0.410272
33, 119, -1
33, 120, 0.709211
33, 121, 0.686865
33, 122, 0.869827
33, 123, -1
33, 124, -1
33, 125, -1
33, 126, -0.245735
33, 127, -1
33, 128, 0.35228
33, 129, 0.611072
33, 130, -1
33, 131, -1
33, 132, 0.102397
33, 133, -0.285898
33, 134, 0.164833
33, 135, 0.459338
33, 136, -1
33, 137, 0.521849
33, 138, 0.611088
33, 139, 0.544121
33, 140, 0.887713
33, 141, 0.896639
33, 142, 0.677981
33, 143, -1
33, 144, 0.535246
33, 145, -1
33, 146, 0.446008
33, 147, -1
33, 148, 0.0176228
33, 149, -1
33, 150, -1
33, 151, 0.0131222
33, 152, -0.218944
33, 153, 0.249679
33, 154, -1
33, 155, 0.495065
33, 156, -1
33, 157, 0.503992
33, 158, 0.72263
33, 159, 0.976989
33, 160, -1
33, 161, -1
33, 162, 0.72714
33, 163, -1
33, 164, 0.570975
33, 165, -0.165381
33, 166, -1
33, 167, -1
33, 168, -1
33, 169, 0.686997
33, 170, 0.593296
33, 171, 0.713772
33, 172, -0.0448774
33, 173, -1
33, 174, 0.767322
33, 175, -1
33, 176, -1
33, 177, -1
33, 178, -1
33, 179, 0.968116
33, 180, -1
33, 181, 0.0354608
33, 182, -1
33, 183, 0.548696
33, 184, -1
33, 185, -1
33, 186, -1
33, 187, -1
33, 188, 0.472804
33, 189, 0.155963
33, 190, 0.0176169
33, 191, 0.762895
33, 192, 0.410335
33, 193, 0.245221
33, 194, -0.183216
33, 195, 0.361252
33, 196, 0.611189
33, 197, 0.602267
33, 198, -0.29033
33, 199, 0.981551
33, 200, 0.298782
33, 201, 0.490713
33, 202, -1
33, 203, 0.673634
33, 204, 0.526418
33, 205, 0.597818
33, 206, -0.165356
33, 207, 0.410397
33, 208, 0.642447
33, 209, -1
33, 210, 0.169373
33, 211, -1
33, 212, 0.49073
33, 213, -1
33, 214, 0.535359
33, 215, -1
33, 216, 0.365742
33, 217, 0.633539
33, 218, 0.874507
33, 219, -1
33, 220, -1
33, 221, 0.151532
33, 222, 0.539794
33, 223, 0.646937
33, 224, -1
33, 225, -1
33, 226, -1
33, 227, 0.392574
33, 228, 0.222947
33, 229, -0.156416
33, 230, -1
33, 231, 0.571087
33, 232, 0.0891012
33, 233, -1
33, 234, -1
33, 235, -1
33, 236, -1
33, 237, 0.620146
33, 238, -1
33, 239, -1
33, 240, 0.986117
33, 241, -1
33, 242, -1
33, 243, 0.200648
33, 244, 0.472888
33, 245, 0.588962
33, 246, 0.156021
33, 247, -1
33, 248, 0.468431
33, 249, 0.22297
33, 250, -1
33, 251, 0.334588
33, 252, 0.129248
33, 253, 0.115859
33, 254, -1
33, 255, 0.428275
33, 256, 0.624683
33, 257, 0.718403
33, 258, -1
33, 259, -1
33, 260, 0.999555
33, 261, 0.941544
33, 262, -1
33, 263, 0.82552
33, 264, -1
33, 265, -1
33, 266, -1
33, 267, -1
33, 268, 0.80768
33, 269, -1
33, 270, -1
33, 271, 0.347963
33, 272, -1
33, 273, -1
33, 274, -1
33, 275, 0.633643
33, 276, 0.713977
33, 277, -1
33, 278, 0.825553
33, 279, -1
33, 280, 0.0132272
33, 281, 0.892502
33, 282, -1
33, 283, -1
33, 284, -0.303681
33, 285, -1
33, 286, -1
33, 287, 0.763091
33, 288, 0.816649
33, 289, -1
33, 290, -1
33, 291, 0.696154
33, 292, -1
33, 293, -1
33, 294, 0.294473
33, 295, -1
33, 296, -1
33, 297, 0.477431
33, 298, -1
33, 299, 0.879155
33, 300, 0.937176
33, 301, -1
33, 302, -1
33, 303, -1
33, 304, -1
33, 305, -1
33, 306, 0.968432
33, 307, 0.589028
33, 308, -1
33, 309, -1
33, 310, 0.606886
33, 311, 0.258786
33, 312, -1
33, 313, 0.0534667
33, 314, -1
33, 315, -1
33, 316, 0.54445
33, 317, 0.428404
33, 318, -1
33, 319, 0.700631
33, 320, 0.928298
33, 321, 0.776551
33, 322, 0.0445069
33, 323, 0.459617
33, 324, 0.374812
33, 325, -1
33, 326, 0.946165
33, 327, 0.562322
33, 328, 0.575714
33, 329, 0.544472
33, 330, -1
33, 331, -1
33, 332, 0.499842
33, 333, -1
33, 334, -1
33, 335, 0.856921
33, 336, -1
33, 337, 0.879242
33, 338, -1
33, 339, 0.745304
33, 340, -1
33, 341, -0.1251
33, 342, -1
33, 343, -1
33, 344, -1
33, 345, -1
33, 346, -1
33, 347, 0.267755
33, 348, 0.218656
33, 349, 0.0668892
33, 350, -1
33, 351, -1
33, 352, 0.803397
33, 353, 0.883742
33, 354, 0.86589
33, 355, -0.0893804
33, 356, 0.673961
33, 357, -0.000101689
33, 358, -1
33, 359, -1
33, 360, -1
33, 361, -0.0715207
33, 362, -1
33, 363, 0.785565
33, 364, -1
33, 365, -0.0536622
33, 366, -1
33, 367, 0.214172
33, 368, -1
33, 369, -1
33, 370, 0.258855
33, 371, -1
33, 372, 0.312383
33, 373, 0.68292
33, 374, 0.678458
33, 375, 0.415055
33, 376, -1
33, 377, -1
33, 378, -1
33, 379, 0.593615
33, 380, 0.968616
33, 381, 0.70075
33, 382, 0.937374
33, 383, 0.205262
33, 384, -1
33, 385, 0.388286
33, 386, 0.196337
33, 387, 0.0758104
33, 388, -1
33, 389, -0.0581087
33, 390, -1
33, 391, -1
33, 392, 0.240984
33, 393, 0.669566
33, 394, 0.758807
33, 395, -1
33, 396, 0.910625
33, 397, 0.973122
33, 398, 0.732031
33, 399, 0.99991
34, 0, -1
34, 1, -0.285962
34, 2, 0.914153
34, 3, 0.285157
34, 4, 0.998898
34, 5, 0.91858
34, 6, 0.610854
34, 7, -1
34, 8, -0.0673097
34, 9, 0.280743
34, 10, -0.152088
34, 11, -1
34, 12, -1
34, 13, -1
34, 14, -1
34, 15, -1
34, 16, 0.588528
34, 17, 0.811601
34, 18, 0.410091
34, 19, 0.708973
34, 20, -1
34, 21, -1
34, 22, 0.039788
34, 23, 0.998947
34, 24, 0.896324
34, 25, -1
34, 26, 0.2138
34, 27, -1
34, 28, -1
34, 29, 0.356611
34, 30, -1
34, 31, 0.552906
34, 32, -1
34, 33, 0.878543
34, 34, -1
34, 35, -1
34, 36, -1
34, 37, 0.579682
34, 38, 0.481539
34, 39, -0.147608
34, 40, 0.972228
34, 41, 0.976691
34, 42, -0.0895965
34, 43, 0.936552
34, 44, 0.936555
34, 45, -0.000351032
34, 46, 0.695683
34, 47, -1
34, 48, -1
34, 49, 0.311981
34, 50, 0.396751
34, 51, -1
34, 52, -1
34, 53, 0.802757
34, 54, 0.651088
34, 55, 0.833946
34, 56, -1
34, 57, 0.77154
34, 58, 0.753698
34, 59, 0.807231
34, 60, 0.191528
34, 61, 0.847342
34, 62, -1
34, 63, -1
34, 64, -1
34, 65, -1
34, 66, -1
34, 67, -1
34, 68, 0.651114
34, 69, 0.46374
34, 70, -0.294854
34, 71, -1
34, 72, -1
34, 73, -0.00479098
34, 74, -1
34, 75, -1
34, 76, 0.316517
34, 77, 0.329903
34, 78, -1
34, 79, 0.459254
34, 80, -1
34, 81, 0.276326
34, 82, 0.151393
34, 83, -1
34, 84, -0.218982
34, 85, -1
34, 86, 0.356645
34, 87, -1
34, 88, -0.102952
34, 89, -1
34, 90, -1
34, 91, 0.0175753
34, 92, -1
34, 93, 0.0443508
34, 94, 0.454854
34, 95, -1
34, 96, 0.718085
34, 97, 0.437012
34, 98, -1
34, 99, -0.178809
34, 100, -1
34, 101, 0.329893
34, 102, 0.539638
34, 103, 0.838513
34, 104, 0.664524
34, 105, -1
34, 106, 0.356671
34, 107, -1
34, 108, 0.374522
34, 109, -1
34, 110, 0.0711395
34, 111, 0.182697
34, 112, 0.0978751
34, 113, -1
34, 114, 0.463807
34, 115, 0.0264795
34, 116, 0.535199
34, 117, -0.250203
34, 118, -1
34, 119, -1
34, 120, 0.865318
34, 121, 0.611016
34, 122, 0.798443
34, 123, 0.231754
34, 124, -1
34, 125, 0.147013
34, 126, -1
34, 127, 0.829683
34, 128, 0.570913
34, 129, -1
34, 130, -1
34, 131, -1
34, 132, 0.289814
34, 133, -1
34, 134, 0.401369
34, 135, -1
34, 136, 0.615544
34, 137, -1
34, 138, -1
34, 139, 0.0398872
34, 140, -1
34, 141, 0.727097
34, 142, 0.642326
34, 143, -0.0315116
34, 144, 0.446004
34, 145, -0.0091967
34, 146, 0.673566
34, 147, 0.664604
34, 148, 0.013119
34, 149, -1
34, 150, 0.588757
34, 151, -1
34, 152, 0.151503
34, 153, 0.579879
34, 154, -0.076131
34, 155, 0.517414
34, 156, -1
34, 157, 0.704819
34, 158, -1
34, 159, 0.999294
34, 160, -1
34, 161, 0.579852
34, 162, 0.655748
34, 163, 0.454956
34, 164, -0.0939754
34, 165, -1
34, 166, 0.874386
34, 167, -1
34, 168, 0.615601
34, 169, -1
34, 170, -0.0181027
34, 171, -1
34, 172, 0.530827
34, 173, -1
34, 174, -1
34, 175, 0.646807
34, 176, 0.570953
34, 177, 0.794097
34, 178, 0.803023
34, 179, -1
34, 180, 0.338918
34, 181, 0.570961
34, 182, -1
34, 183, 0.495147
34, 184, 0.575469
34, 185, 0.566506
34, 186, -0.00470161
34, 187, -1
34, 188, 0.0622429
34, 189, 0.490653
34, 190, 0.472805
34, 191, 0.660263
34, 192, 0.566558
34, 193, 0.553132
34, 194, -1
34, 195, -1
34, 196, -1
34, 197, -1
34, 198, -1
34, 199, -1
34, 200, 0.91016
34, 201, 0.838769
34, 202, -1
34, 203, 0.695984
34, 204, 0.771844
34, 205, -1
34, 206, -1
34, 207, -1
34, 208, -1
34, 209, -1
34, 210, -1
34, 211, 0.557665
34, 212, 0.249705
34, 213, -1
34, 214, 0.794135
34, 215, -0.27247
34, 216, 0.812029
34, 217, 0.950359
34, 218, -1
34, 219, 0.910205
34, 220, 0.834349
34, 221, -1
34, 222, -1
34, 223, 0.928063
34, 224, -1
34, 225, -1
34, 226, -1
34, 227, 0.0354987
34, 228, 0.620169
34, 229, -1
34, 230, 0.517532
34, 231, 0.517534
34, 232, 0.263157
34, 233, 0.205099
34, 234, -1
34, 235, 0.602291
34, 236, 0.43271
34, 237, 0.789762
34, 238, -1
34, 239, 0.999499
34, 240, 0.0667517
34, 241, 0.312219
34, 242, 0.437181
34, 243, -1
34, 244, 0.472886
34, 245, 0.874566
34, 246, -1
34, 247, 0.843333
34, 248, -1
34, 249, 0.0533701
34, 250, -1
34, 251, -1
34, 252, -1
34, 253, -1
34, 254, 0.615712
34, 255, -1
34, 256, 0.682697
34, 257, 0.74964
34, 258, 0.754105
34, 259, -0.143008
34, 260, 0.74068
34, 261, -1
34, 262, -1
34, 263, -1
34, 264, 0.937087
34, 265, 0.231913
34, 266, 0.981717
34, 267, -1
34, 268, 0.526519
34, 269, 0.52652
34, 270, 0.187327
34, 271, 0.147158
34, 272, -1
34, 273, -1
34, 274, 0.459583
34, 275, 0.129269
34, 276, 0.580087
34, 277, 0.928192
34, 278, 0.089102
34, 279, 0.887992
34, 280, -1
34, 281, 0.79878
34, 282, 0.0087646
34, 283, -1
34, 284, -1
34, 285, -1
34, 286, -1
34, 287, -1
34, 288, 0.423858
34, 289, 0.120396
34, 290, 0.0846495
34, 291, -1
34, 292, 0.495315
34, 293, 0.0623351
34, 294, -1
34, 295, -1
34, 296, 0.94609
34, 297, -1
34, 298, 0.0266315
34, 299, -1
34, 300, 0.999655
34, 301, 0.557814
34, 302, -1
34, 303, 0.651544
34, 304, 0.566705
34, 305, 0.758623
34, 306, -1
34, 307, -1
34, 308, -1
34, 309, -1
34, 310, 0.232003
34, 311, -1
34, 312, 0.0713192
34, 313, 0.307885
34, 314, -1
34, 315, 0.758684
34, 316, 0.830097
34, 317, -1
34, 318, -1
34, 319, -1
34, 320, -1
34, 321, 0.812255
34, 322, -1
34, 323, 0.281076
34, 324, -1
34, 325, -1
34, 326, 0.526611
34, 327, -1
34, 328, 0.352539
34, 329, 0.330223
34, 330, -1
34, 331, 0.290013
34, 332, 0.0355872
34, 333, -1
34, 334, -0.285803
34, 335, -1
34, 336, 0.937261
34, 337, 0.437318
34, 338, 0.888169
34, 339, 0.999754
34, 340, 0.240924
34, 341, -1
34, 342, -1
34, 343, -1
34, 344, -1
34, 345, -1
34, 346, 0.419517
34, 347, -1
34, 348, -0.0715306
34, 349, 0.339175
34, 350, -1
34, 351, -1
34, 352, 0.0266764
34, 353, -1
34, 354, 0.473092
34, 355, 0.495372
34, 356, 0.548937
34, 357, -1
34, 358, -1
34, 359, -1
34, 360, 0.843543
34, 361, -0.169727
34, 362, 0.879297
34, 363, -1
34, 364, -1
34, 365, 0.482036
34, 366, 0.682905
34, 367, 0.0311528
34, 368, -1
34, 369, 0.410622
34, 370, -1
34, 371, 0.553466
34, 372, 0.29903
34, 373, -1
34, 374, 0.87482
34, 375, -1
34, 376, -1
34, 377, 0.879291
34, 378, 0.781131
34, 379, 0.749846
34, 380, -1
34, 381, -1
34, 382, 0.151692
34, 383, 0.790029
34, 384, -1
34, 385, 0.682941
34, 386, -1
34, 387, -1
34, 388, -1
34, 389, -1
34, 390, 0.714158
34, 391, 0.200805
34, 392, -1
34, 393, -1
34, 394, -0.147387
34, 395, -1
34, 396, -1
34, 397, -1
34, 398, 0.410622
34, 399, 0.999908
35, 0, -1
35, 1, 0.472519
35, 2, 0.258386
35, 3, 0.945373
35, 4, 0.588505
35, 5, -1
35, 6, 0.811575
35, 7, 0.387809
35, 8, -1
35, 9, 0.807121
35, 10, -1
35, 11, 0.115627
35, 12, 0.0933199
35, 13, 0.668814
35, 14, -1
35, 15, 0.668817
35, 16, 0.218249
35, 17, 0.905266
35, 18, 0.548382
35, 19, -1
35, 20, 0.874051
35, 21, -1
35, 22, 0.267332
35, 23, -1
35, 24, -1
35, 25, 0.628729
35, 26, 0.557357
35, 27, 0.356607
35, 28, 0.731332
35, 29, -1
35, 30, 0.3878
35, 31, 0.700113
35, 32, 0.945444
35, 33, -1
35, 34, 0.231654
35, 35, -1
35, 36, 0.865166
35, 37, -1
35, 38, 0.552916
35, 39, 0.909778
35, 40, 0.802727
35, 41, -1
35, 42, -1
35, 43, -1
35, 44, 0.842841
35, 45, 0.472626
35, 46, -0.321642
35, 47, 0.436938
35, 48, 0.62877
35, 49, -1
35, 50, 0.445865
35, 51, 0.606471
35, 52, 0.570783
35, 53, -1
35, 54, -0.134212
35, 55, 0.423566
35, 56, -1
35, 57, -0.227922
35, 58, 0.584137
35, 59, -1
35, 60, 0.347687
35, 61, -1
35, 62, 0.874147
35, 63, 0.0710565
35, 64, 0.37004
35, 65, -1
35, 66, -1
35, 67, 0.436927
35, 68, -1
35, 69, -1
35, 70, -1
35, 71, 0.450317
35, 72, -1
35, 73, -1
35, 74, -1
35, 75, 0.414671
35, 76, -1
35, 77, 0.718046
35, 78, -1
35, 79, 0.869724
35, 80, 0.99909
35, 81, -1
35, 82, 0.0353758
35, 83, 0.245094
35, 84, -1
35, 85, 0.0978895
35, 86, -1
35, 87, -1
35, 88, -1
35, 89, 0.602076
35, 90, -1
35, 91, 0.602079
35, 92, 0.441465
35, 93, -1
35, 94, -0.0448964
35, 95, 0.361117
35, 96, -1
35, 97, -1
35, 98, -1
35, 99, -1
35, 100, 0.561901
35, 101, 0.0398541
35, 102, -1
35, 103, 0.749326
35, 104, -0.196658
35, 105, 0.396825
35, 106, -1
35, 107, 0.793947
35, 108, -1
35, 109, 0.2362
35, 110, -1
35, 111, -1
35, 112, -1
35, 113, 0.419186
35, 114, 0.173735
35, 115, -1
35, 116, -1
35, 117, 0.468272
35, 118, 0.169277
35, 119, 0.553009
35, 120, 0.95454
35, 121, -1
35, 122, 0.914435
35, 123, -1
35, 124, 0.651215
35, 125, 0.379005
35, 126, 0.182712
35, 127, -1
35, 128, 0.655684
35, 129, -0.187718
35, 130, -1
35, 131, -1
35, 132, 0.218417
35, 133, -1
35, 134, 0.0220722
35, 135, -1
35, 136, 0.535189
35, 137, -1
35, 138, 0.798474
35, 139, -1
35, 140, -1
35, 141, 0.999246
35, 142, -1
35, 143, 0.620017
35, 144, -0.317135
35, 145, 0.383494
35, 146, 0.562017
35, 147, 0.383537
35, 148, -1
35, 149, -1
35, 150, 0.450473
35, 151, -1
35, 152, 0.213976
35, 153, 0.356772
35, 154, 0.271949
35, 155, -1
35, 156, -1
35, 157, -1
35, 158, -1
35, 159, 0.816366
35, 160, 0.994833
35, 161, 0.624511
35, 162, 0.66467
35, 163, -1
35, 164, 0.548661
35, 165, 0.347823
35, 166, -1
35, 167, 0.343363
35, 168, -1
35, 169, 0.544207
35, 170, -1
35, 171, -1
35, 172, -0.0805416
35, 173, -1
35, 174, 0.102435
35, 175, -1
35, 176, 0.919024
35, 177, 0.936874
35, 178, 0.695934
35, 179, 0.423702
35, 180, -1
35, 181, 0.968116
35, 182, 0.910115
35, 183, 0.530803
35, 184, -1
35, 185, -1
35, 186, 0.338965
35, 187, -1
35, 188, 0.2229
35, 189, 0.129225
35, 190, 0.44607
35, 191, -1
35, 192, 0.240755
35, 193, -1
35, 194, 0.562057
35, 195, -1
35, 196, 0.401454
35, 197, 0.530825
35, 198, 0.722705
35, 199, 0.874459
35, 200, 0.374643
35, 201, 0.936932
35, 202, 0.593347
35, 203, 0.611198
35, 204, -1
35, 205, 0.102423
35, 206, -1
35, 207, -1
35, 208, -1
35, 209, 0.218461
35, 210, 0.330071
35, 211, -1
35, 212, -1
35, 213, 0.120282
35, 214, 0.298837
35, 215, -1
35, 216, 0.508584
35, 217, -1
35, 218, -1
35, 219, -1
35, 220, 0.887894
35, 221, 0.405911
35, 222, -0.00913701
35, 223, -1
35, 224, 0.789732
35, 225, 0.660324
35, 226, 0.200628
35, 227, -1
35, 228, -1
35, 229, -1
35, 230, 0.343484
35, 231, 0.325594
35, 232, 0.455056
35, 233, -0.0983922
35, 234, -0.0403698
35, 235, 0.562166
35, 236, 0.593406
35, 237, -1
35, 238, -1
35, 239, 0.910249
35, 240, 0.58895
35, 241, 0.629116
35, 242, -1
35, 243, 0.611268
35, 244, -1
35, 245, -0.263529
35, 246, 0.530945
35, 247, -1
35, 248, 0.231933
35, 249, 0.0623359
35, 250, -1
35, 251, -1
35, 252, -1
35, 253, 0.151603
35, 254, 0.120321
35, 255, -1
35, 256, 0.0801546
35, 257, -1
35, 258, -1
35, 259, 0.504148
35, 260, -1
35, 261, 0.602374
35, 262, -1
35, 263, 0.856755
35, 264, -1
35, 265, -0.120688
35, 266, -1
35, 267, -1
35, 268, 0.432794
35, 269, -1
35, 270, 0.294442
35, 271, -1
35, 272, -1
35, 273, -0.116179
35, 274, -1
35, 275, -1
35, 276, 0.26767
35, 277, 0.696124
35, 278, 0.785383
35, 279, -1
35, 280, -1
35, 281, 0.713983
35, 282, 0.896963
35, 283, 0.307807
35, 284, 0.754115
35, 285, -1
35, 286, -1
35, 287, 0.901437
35, 288, -1
35, 289, -1
35, 290, -1
35, 291, -1
35, 292, 0.50424
35, 293, 0.294429
35, 294, 0.388159
35, 295, 0.397127
35, 296, 0.651529
35, 297, -1
35, 298, 0.0801924
35, 299, -1
35, 300, -1
35, 301, -1
35, 302, 0.847876
35, 303, -1
35, 304, 0.780975
35, 305, 0.84346
35, 306, -1
35, 307, 0.562285
35, 308, 0.339081
35, 309, -0.0804862
35, 310, 0.30788
35, 311, 0.165011
35, 312, -1
35, 313, -0.263495
35, 314, -1
35, 315, 0.419431
35, 316, 0.56226
35, 317, -0.0938716
35, 318, -0.116189
35, 319, 0.852417
35, 320, 0.763115
35, 321, 0.727451
35, 322, 0.374807
35, 323, -1
35, 324, -1
35, 325, -1
35, 326, 0.352535
35, 327, -0.178676
35, 328, -1
35, 329, -1
35, 330, 0.419493
35, 331, 0.392713
35, 332, -1
35, 333, -1
35, 334, -1
35, 335, 0.812283
35, 336, -1
35, 337, 0.856921
35, 338, -0.299193
35, 339, 0.120403
35, 340, 0.24985
35, 341, -1
35, 342, -1
35, 343, 0.330199
35, 344, 0.513208
35, 345, -1
35, 346, 0.383807
35, 347, -1
35, 348, 0.07131
35, 349, -1
35, 350, 0.517721
35, 351, 0.812317
35, 352, 0.51326
35, 353, -0.267939
35, 354, -1
35, 355, -0.151876
35, 356, 0.0579256
35, 357, 0.660528
35, 358, 0.999801
35, 359, 0.124886
35, 360, 0.937316
35, 361, 0.754312
35, 362, -1
35, 363, 0.495423
35, 364, -1
35, 365, -1
35, 366, 0.281167
35, 367, -1
35, 368, 0.441866
35, 369, 0.490968
35, 370, -0.272394
35, 371, -1
35, 372, -1
35, 373, 0.218641
35, 374, -0.0715129
35, 375, -1
35, 376, 0.602574
35, 377, -1
35, 378, -0.214358
35, 379, 0.830232
35, 380, 0.31239
35, 381, -1
35, 382, 0.77221
35, 383, 0.709718
35, 384, -1
35, 385, 0.0891988
35, 386, -1
35, 387, 0.557914
35, 388, -1
35, 389, 0.339225
35, 390, 0.0579956
35, 391, -1
35, 392, -1
35, 393, 0.459758
35, 394, -0.223277
35, 395, -1
35, 396, 0.651672
35, 397, 0.955261
35, 398, -1
35, 399, -1
36, 0, 0.963204
36, 1, 0.891846
36, 2, -1
36, 3, 0.762463
36, 4, -1
36, 5, 0.731284
36, 6, 0.146893
36, 7, 0.343155
36, 8, 0.575169
36, 9, -1
36, 10, 0.51272
36, 11, -1
36, 12, 0.967693
36, 13, 0.905254
36, 14, 0.998919
36, 15, -1
36, 16, -1
36, 17, 0.816017
36, 18, -1
36, 19, 0.909728
36, 20, -1
36, 21, -1
36, 22, 0.967718
36, 23, 0.842792
36, 24, -1
36, 25, 0.276298
36, 26, 0.945427
36, 27, 0.865144
36, 28, 0.829462
36, 29, 0.820544
36, 30, 0.936516
36, 31, -1
36, 32, -1
36, 33, -1
36, 34, 0.99897
36, 35, 0.998972
36, 36, 0.998975
36, 37, 0.998977
36, 38, -1
36, 39, -0.250244
36, 40, -1
36, 41, 0.998988
36, 42, -1
36, 43, -1
36, 44, 0.544002
36, 45, -1
36, 46, 0.932094
36, 47, 0.905334
36, 48, 0.967783
36, 49, 0.999008
36, 50, 0.833971
36, 51, 0.96779
36, 52, -1
36, 53, -1
36, 54, 0.999021
36, 55, -1
36, 56, -1
36, 57, -1
36, 58, 0.976729
36, 59, 0.726931
36, 60, 0.999036
36, 61, -1
36, 62, 0.936593
36, 63, 0.96782
36, 64, 0.918756
36, 65, 0.999049
36, 66, -1
36, 67, -1
36, 68, -1
36, 69, 0.914307
36, 70, -1
36, 71, 0.825096
36, 72, -1
36, 73, -1
36, 74, -1
36, 75, 0.883096
36, 76, -1
36, 77, 0.967855
36, 78, -1
36, 79, -1
36, 80, 0.945559
36, 81, 0.972326
36, 82, 0.999092
36, 83, 0.432527
36, 84, -1
36, 85, -1
36, 86, -1
36, 87, -1
36, 88, -1
36, 89, 0.914354
36, 90, 0.825137
36, 91, 0.869749
36, 92, 0.731457
36, 93, 0.802838
36, 94, 0.954514
36, 95, 0.918829
36, 96, -1
36, 97, -1
36, 98, -1
36, 99, 0.9233
36, 100, 0.24065
36, 101, 0.967915
36, 102, 0.999144
36, 103, 0.936693
36, 104, 0.129102
36, 105, 0.883165
36, 106, 0.878706
36, 107, -1
36, 108, -1
36, 109, -1
36, 110, 0.945632
36, 111, 0.468262
36, 112, 0.91887
36, 113, -1
36, 114, 0.94118
36, 115, 0.869804
36, 116, 0.976874
36, 117, -1
36, 118, 0.972418
36, 119, 0.89658
36, 120, 0.481661
36, 121, -1
36, 122, -1
36, 123, -1
36, 124, -1
36, 125, -1
36, 126, -1
36, 127, -1
36, 128, -1
36, 129, 0.999213
36, 130, -1
36, 131, 0.820765
36, 132, -1
36, 133, -1
36, 134, 0.450448
36, 135, -1
36, 136, 0.99923
36, 137, 0.79847
36, 138, -1
36, 139, -1
36, 140, 0.521808
36, 141, 0.905555
36, 142, -1
36, 143, -1
36, 144, -1
36, 145, -1
36, 146, -1
36, 147, 0.548591
36, 148, -1
36, 149, -1
36, 150, -1
36, 151, 0.887732
36, 152, -1
36, 153, -1
36, 154, 0.999276
36, 155, -1
36, 156, -1
36, 157, -0.00468581
36, 158, -1
36, 159, -0.098443
36, 160, -1
36, 161, -1
36, 162, -1
36, 163, -1
36, 164, -1
36, 165, -1
36, 166, 0.704833
36, 167, -1
36, 168, -1
36, 169, 0.910082
36, 170, 0.954701
36, 171, 0.990397
36, 172, 0.803006
36, 173, -1
36, 174, -1
36, 175, 0.968098
36, 176, -1
36, 177, -1
36, 178, 0.164915
36, 179, 0.472826
36, 180, -1
36, 181, 0.61562
36, 182, -1
36, 183, -1
36, 184, -1
36, 185, 0.611165
36, 186, -1
36, 187, 0.945819
36, 188, 0.919051
36, 189, 0.892282
36, 190, -1
36, 191, 0.834281
36, 192, 0.968141
36, 193, 0.927986
36, 194, 0.999379
36, 195, -1
36, 196, 0.923491
36, 197, 0.0845633
36, 198, -1
36, 199, -1
36, 200, -1
36, 201, -1
36, 202, -1
36, 203, 0.508562
36, 204, -1
36, 205, 0.896781
36, 206, 0.446091
36, 207, 0.54873
36, 208, 0.655829
36, 209, 0.807547
36, 210, -1
36, 211, -1
36, 212, -1
36, 213, 0.945883
36, 214, -1
36, 215, 0.870031
36, 216, -1
36, 217, -1
36, 218, -1
36, 219, 0.575525
36, 220, 0.999445
36, 221, 0.852196
36, 222, -1
36, 223, -1
36, 224, -1
36, 225, -1
36, 226, -1
36, 227, 0.405958
36, 228, 0.687103
36, 229, -1
36, 230, -1
36, 231, 0.803132
36, 232, 0.325634
36, 233, 0.816524
36, 234, -1
36, 235, -1
36, 236, 0.954863
36, 237, -1
36, 238, -1
36, 239, -1
36, 240, 0.959335
36, 241, -1
36, 242, -1
36, 243, -1
36, 244, -1
36, 245, -1
36, 246, -1
36, 247, -1
36, 248, -1
36, 249, -1
36, 250, -1
36, 251, -1
36, 252, -1
36, 253, -1
36, 254, 0.97722
36, 255, 0.999535
36, 256, 0.847811
36, 257, 0.874589
36, 258, -1
36, 259, 0.999545
36, 260, -1
36, 261, -1
36, 262, -1
36, 263, -1
36, 264, -1
36, 265, -1
36, 266, -1
36, 267, -1
36, 268, -1
36, 269, -1
36, 270, -1
36, 271, -1
36, 272, 0.807682
36, 273, 0.999581
36, 274, 0.981733
36, 275, -1
36, 276, 0.96835
36, 277, 0.919262
36, 278, 0.812158
36, 279, -1
36, 280, 0.999599
36, 281, 0.950511
36, 282, 0.905886
36, 283, 0.97283
36, 284, -1
36, 285, -1
36, 286, -1
36, 287, -1
36, 288, -1
36, 289, -1
36, 290, -1
36, 291, -1
36, 292, -1
36, 293, -1
36, 294, -1
36, 295, 0.999637
36, 296, 0.999639
36, 297, 0.910384
36, 298, 0.905923
36, 299, 0.968407
36, 300, 0.99965
36, 301, 0.968412
36, 302, 0.97734
36, 303, -1
36, 304, -1
36, 305, -1
36, 306, -1
36, 307, -1
36, 308, 0.106982
36, 309, -1
36, 310, -1
36, 311, -1
36, 312, 0.99968
36, 313, -1
36, 314, 0.990759
36, 315, 0.919353
36, 316, 0.615818
36, 317, 0.49535
36, 318, -1
36, 319, 0.2945
36, 320, 0.999701
36, 321, 0.999703
36, 322, 0.972927
36, 323, -1
36, 324, -1
36, 325, 0.999714
36, 326, -0.138503
36, 327, -1
36, 328, -1
36, 329, -1
36, 330, 0.905999
36, 331, -1
36, 332, 0.999731
36, 333, -1
36, 334, 0.972957
36, 335, 0.660526
36, 336, 0.615893
36, 337, -1
36, 338, 0.59358
36, 339, -1
36, 340, 0.968509
36, 341, -1
36, 342, 0.999757
36, 343, -1
36, 344, 0.981909
36, 345, -1
36, 346, -1
36, 347, 0.892648
36, 348, 0.932821
36, 349, 0.865872
36, 350, 0.839094
36, 351, -1
36, 352, 0.999783
36, 353, -1
36, 354, 0.84803
36, 355, -1
36, 356, -1
36, 357, 0.968551
36, 358, -1
36, 359, -1
36, 360, 0.999803
36, 361, 0.999806
36, 362, 0.973027
36, 363, -1
36, 364, 0.946251
36, 365, 0.981962
36, 366, 0.999818
36, 367, -1
36, 368, 0.807888
36, 369, -1
36, 370, -1
36, 371, 0.897168
36, 372, -1
36, 373, 0.678451
36, 374, 0.593642
36, 375, 0.428483
36, 376, 0.330239
36, 377, -1
36, 378, -1
36, 379, 0.589146
36, 380, 0.999854
36, 381, 0.999857
36, 382, 0.999859
36, 383, -1
36, 384, 0.999864
36, 385, 0.977548
36, 386, -1
36, 387, 0.999872
36, 388, 0.906135
36, 389, 0.763294
36, 390, 0.910603
36, 391, -1
36, 392, 0.90168
36, 393, 0.11603
36, 394, -1
36, 395, -1
36, 396, 0.303521
36, 397, -0.0893536
36, 398, -1
36, 399, 0.982047
37, 0, 0.891841
37, 1, -1
37, 2, -1
37, 3, 0.717897
37, 4, 0.325305
37, 5, 0.927533
37, 6, -1
37, 7, 0.940918
37, 8, -1
37, 9, 0.967683
37, 10, -1
37, 11, 0.829423
37, 12, -1
37, 13, 0.967693
37, 14, 0.967696
37, 15, 0.967698
37, 16, 0.998921
37, 17, -1
37, 18, -1
37, 19, -1
37, 20, 0.865126
37, 21, 0.856207
37, 22, -0.281491
37, 23, -1
37, 24, 0.744662
37, 25, -1
37, 26, -1
37, 27, 0.445789
37, 28, -1
37, 29, -1
37, 30, 0.0532182
37, 31, -1
37, 32, -1
37, 33, 0.967743
37, 34, -1
37, 35, 0.940986
37, 36, 0.303079
37, 37, -1
37, 38, -1
37, 39, -1
37, 40, 0.695625
37, 41, 0.00410544
37, 42, 0.129041
37, 43, 0.731358
37, 44, -1
37, 45, 0.753666
37, 46, -1
37, 47, 0.767052
37, 48, 0.851807
37, 49, -1
37, 50, -0.152025
37, 51, -1
37, 52, 0.740297
37, 53, 0.999016
37, 54, -1
37, 55, -1
37, 56, -0.0716995
37, 57, -1
37, 58, 0.445874
37, 59, 0.120133
37, 60, -0.143134
37, 61, 0.0844391
37, 62, -1
37, 63, -1
37, 64, -1
37, 65, -1
37, 66, 0.71356
37, 67, 0.602034
37, 68, -1
37, 69, 0.352198
37, 70, 0.164804
37, 71, -1
37, 72, -1
37, 73, -0.0360292
37, 74, -1
37, 75, -1
37, 76, -1
37, 77, -1
37, 78, -1
37, 79, -0.0717235
37, 80, -1
37, 81, 0.771583
37, 82, 0.552945
37, 83, -1
37, 84, -1
37, 85, 0.847429
37, 86, -1
37, 87, -1
37, 88, -1
37, 89, 0.285296
37, 90, -1
37, 91, -1
37, 92, -1
37, 93, -1
37, 94, -1
37, 95, -1
37, 96, 0.0130743
37, 97, -1
37, 98, -1
37, 99, -0.107409
37, 100, -1
37, 101, -1
37, 102, -1
37, 103, 0.798396
37, 104, 0.660057
37, 105, 0.918851
37, 106, -1
37, 107, 0.999154
37, 108, -1
37, 109, -1
37, 110, 0.544108
37, 111, -1
37, 112, -1
37, 113, -1
37, 114, -1
37, 115, -1
37, 116, -1
37, 117, -1
37, 118, -1
37, 119, -1
37, 120, 0.967959
37, 121, 0.437042
37, 122, -1
37, 123, 0.673477
37, 124, -1
37, 125, 0.959049
37, 126, -1
37, 127, -1
37, 128, 0.883215
37, 129, 0.874295
37, 130, -0.0894977
37, 131, 0.321044
37, 132, -1
37, 133, -1
37, 134, -1
37, 135, -1
37, 136, -1
37, 137, -1
37, 138, -1
37, 139, 0.695855
37, 140, 0.160372
37, 141, 0.187188
37, 142, 0.477231
37, 143, 0.820789
37, 144, -1
37, 145, 0.999251
37, 146, 0.999253
37, 147, -1
37, 148, 0.843107
37, 149, -1
37, 150, -1
37, 151, -1
37, 152, -1
37, 153, -1
37, 154, 0.646764
37, 155, 0.2943
37, 156, -1
37, 157, 0.749431
37, 158, 0.945746
37, 159, 0.450443
37, 160, -1
37, 161, 0.736054
37, 162, -1
37, 163, 0.753905
37, 164, -1
37, 165, -1
37, 166, 0.999305
37, 167, 0.892228
37, 168, 0.749454
37, 169, 0.303242
37, 170, -1
37, 171, -1
37, 172, 0.99932
37, 173, -1
37, 174, 0.941323
37, 175, 0.383572
37, 176, 0.914558
37, 177, 0.843172
37, 178, 0.945795
37, 179, 0.910103
37, 180, -1
37, 181, 0.664701
37, 182, 0.771792
37, 183, 0.936883
37, 184, -1
37, 185, -1
37, 186, -1
37, 187, 0.999358
37, 188, -1
37, 189, -1
37, 190, -1
37, 191, -1
37, 192, 0.999371
37, 193, -1
37, 194, 0.994914
37, 195, 0.999379
37, 196, 0.861062
37, 197, 0.878912
37, 198, 0.941382
37, 199, -1
37, 200, -1
37, 201, 0.825376
37, 202, -1
37, 203, 0.936932
37, 204, 0.968168
37, 205, 0.981556
37, 206, -1
37, 207, -1
37, 208, 0.887861
37, 209, 0.147094
37, 210, 0.584392
37, 211, 0.99942
37, 212, 0.892333
37, 213, -1
37, 214, -1
37, 215, 0.597788
37, 216, 0.95035
37, 217, 0.847722
37, 218, -1
37, 219, 0.968205
37, 220, 0.111361
37, 221, -1
37, 222, 0.910205
37, 223, -1
37, 224, -1
37, 225, -1
37, 226, 0.870054
37, 227, 0.789734
37, 228, 0.713835
37, 229, 0.022149
37, 230, -1
37, 231, -0.00462806
37, 232, -1
37, 233, 0.405924
37, 234, -1
37, 235, -1
37, 236, -1
37, 237, -1
37, 238, -1
37, 239, 0.968255
37, 240, 0.615722
37, 241, -1
37, 242, -1
37, 243, -1
37, 244, -1
37, 245, 0.847785
37, 246, 0.794237
37, 247, 0.691559
37, 248, 0.379168
37, 249, -1
37, 250, -1
37, 251, 0.754084
37, 252, -0.0537477
37, 253, -1
37, 254, -0.0492426
37, 255, 0.722854
37, 256, 0.99061
37, 257, -1
37, 258, -1
37, 259, -1
37, 260, -1
37, 261, -0.102838
37, 262, 0.84336
37, 263, 0.887988
37, 264, -1
37, 265, 0.722873
37, 266, 0.937084
37, 267, 0.61577
37, 268, 0.289974
37, 269, -1
37, 270, -1
37, 271, -0.160856
37, 272, -1
37, 273, -1
37, 274, 0.749668
37, 275, -1
37, 276, -1
37, 277, -1
37, 278, 0.999591
37, 279, -1
37, 280, 0.602364
37, 281, 0.124809
37, 282, 0.437275
37, 283, -1
37, 284, 0.517613
37, 285, 0.611339
37, 286, 0.772007
37, 287, -1
37, 288, 0.950526
37, 289, 0.798791
37, 290, -1
37, 291, 0.954996
37, 292, -1
37, 293, 0.714003
37, 294, 0.88806
37, 295, 0.937154
37, 296, 0.722935
37, 297, -1
37, 298, 0.87468
37, 299, -1
37, 300, -0.0180043
37, 301, -1
37, 302, 0.352501
37, 303, 0.584591
37, 304, 0.97288
37, 305, 0.968419
37, 306, 0.90594
37, 307, -1
37, 308, 0.946112
37, 309, -1
37, 310, 0.968432
37, 311, 0.803301
37, 312, 0.647092
37, 313, -1
37, 314, 0.731896
37, 315, -1
37, 316, 0.615816
37, 317, 0.276602
37, 318, -1
37, 319, 0.419475
37, 320, 0.731908
37, 321, -1
37, 322, -0.281346
37, 323, 0.383732
37, 324, -1
37, 325, -1
37, 326, -1
37, 327, 0.941695
37, 328, -1
37, 329, 0.91492
37, 330, 0.972945
37, 331, 0.950631
37, 332, 0.981876
37, 333, 0.352501
37, 334, 0.883689
37, 335, -1
37, 336, 0.816744
37, 337, 0.138253
37, 338, 0.531089
37, 339, -1
37, 340, -0.0269009
37, 341, 0.638177
37, 342, -1
37, 343, 0.499853
37, 344, -1
37, 345, 0.937275
37, 346, 0.906034
37, 347, -1
37, 348, -1
37, 349, -1
37, 350, 0.999775
37, 351, 0.999778
37, 352, 0.589098
37, 353, 0.968539
37, 354, -1
37, 355, -1
37, 356, 0.29008
37, 357, -1
37, 358, 0.0311831
37, 359, 0.611468
37, 360, 0.968556
37, 361, -1
37, 362, -1
37, 363, -1
37, 364, -1
37, 365, 0.357047
37, 366, -1
37, 367, -1
37, 368, -1
37, 369, -1
37, 370, -1
37, 371, -1
37, 372, -1
37, 373, 0.0267317
37, 374, -1
37, 375, -0.129505
37, 376, -0.12508
37, 377, -0.0089765
37, 378, 0.397198
37, 379, -1
37, 380, 0.589186
37, 381, -1
37, 382, 0.343637
37, 383, 0.531162
37, 384, 0.325825
37, 385, -1
37, 386, -1
37, 387, 0.321324
37, 388, -0.0893605
37, 389, -1
37, 390, -1
37, 391, -1
37, 392, 0.241019
37, 393, -1
37, 394, -1
37, 395, 0.00442978
37, 396, 0.3928
37, 397, -0.129531
37, 398, 0.723095
37, 399, -1
38, 0, 0.490357
38, 1, 0.775836
38, 2, 0.120078
38, 3, 0.793721
38, 4, -1
38, 5, -1
38, 6, 0.677757
38, 7, 0.945376
38, 8, -1
38, 9, -1
38, 10, 0.137972
38, 11, -0.187788
38, 12, -1
38, 13, -1
38, 14, -1
38, 15, 0.998916
38, 16, 0.887375
38, 17, -1
38, 18, -1
38, 19, -1
38, 20, -0.0405318
38, 21, -1
38, 22, -1
38, 23, 0.717934
38, 24, 0.655487
38, 25, -1
38, 26, 0.802691
38, 27, 0.900822
38, 28, 0.00409421
38, 29, -1
38, 30, 0.0754864
38, 31, 0.209379
38, 32, -1
38, 33, -1
38, 34, 0.847273
38, 35, 0.936523
38, 36, -1
38, 37, 0.96775
38, 38, -1
38, 39, 0.914231
38, 40, 0.686742
38, 41, 0.691165
38, 42, -1
38, 43, 0.811648
38, 44, -0.120834
38, 45, -1
38, 46, 0.24951
38, 47, -1
38, 48, -1
38, 49, 0.280745
38, 50, -1
38, 51, -1
38, 52, -1
38, 53, 0.70015
38, 54, -1
38, 55, -1
38, 56, 0.967798
38, 57, 0.784874
38, 58, -1
38, 59, -1
38, 60, 0.249526
38, 61, 0.999034
38, 62, 0.999036
38, 63, 0.749239
38, 64, 0.579681
38, 65, -1
38, 66, -1
38, 67, -1
38, 68, -1
38, 69, -1
38, 70, -1
38, 71, 0.512773
38, 72, -1
38, 73, 0.499392
38, 74, 0.758143
38, 75, 0.999069
38, 76, -1
38, 77, 0.936625
38, 78, 0.53067
38, 79, -1
38, 80, -1
38, 81, 0.646669
38, 82, -1
38, 83, -0.250223
38, 84, -1
38, 85, -1
38, 86, 0.847429
38, 87, -1
38, 88, -1
38, 89, 0.213864
38, 90, -1
38, 91, 0.191596
38, 92, -1
38, 93, 0.530694
38, 94, -1
38, 95, 0.593118
38, 96, 0.967857
38, 97, -1
38, 98, 0.106823
38, 99, -1
38, 100, -1
38, 101, 0.843001
38, 102, 0.838542
38, 103, 0.972375
38, 104, -1
38, 105, -1
38, 106, -1
38, 107, -1
38, 108, -1
38, 109, -1
38, 110, -1
38, 111, -1
38, 112, 0.320978
38, 113, 0.967939
38, 114, 0.597612
38, 115, 0.312058
38, 116, 0.575307
38, 117, -1
38, 118, 0.231744
38, 119, 0.294255
38, 120, 0.258519
38, 121, -1
38, 122, 0.865314
38, 123, -1
38, 124, 0.200556
38, 125, -0.134169
38, 126, 0.945666
38, 127, -1
38, 128, 0.432589
38, 129, -1
38, 130, 0.129125
38, 131, 0.909988
38, 132, 0.227298
38, 133, -1
38, 134, -1
38, 135, -0.232345
38, 136, 0.151442
38, 137, 0.0532697
38, 138, 0.51738
38, 139, -0.102921
38, 140, -1
38, 141, 0.820782
38, 142, -1
38, 143, 0.673553
38, 144, -1
38, 145, 0.414765
38, 146, 0.517393
38, 147, -0.187669
38, 148, -1
38, 149, -1
38, 150, 0.972493
38, 151, -1
38, 152, 0.553058
38, 153, 0.936809
38, 154, -1
38, 155, 0.976967
38, 156, -0.152001
38, 157, -1
38, 158, 0.762817
38, 159, 0.936823
38, 160, 0.0577522
38, 161, -1
38, 162, -0.29035
38, 163, 0.459372
38, 164, -1
38, 165, 0.271999
38, 166, 0.539735
38, 167, 0.486191
38, 168, 0.133664
38, 169, -1
38, 170, 0.93685
38, 171, -1
38, 172, -1
38, 173, -1
38, 174, 0.562059
38, 175, -1
38, 176, 0.829782
38, 177, 0.535251
38, 178, -1
38, 179, -1
38, 180, 0.0399186
38, 181, -0.285878
38, 182, -1
38, 183, 0.691476
38, 184, -1
38, 185, -1
38, 186, -1
38, 187, -1
38, 188, -1
38, 189, -1
38, 190, 0.878894
38, 191, 0.910129
38, 192, -1
38, 193, -1
38, 194, -1
38, 195, 0.0176169
38, 196, 0.26311
38, 197, 0.530861
38, 198, 0.419302
38, 199, 0.553176
38, 200, 0.941384
38, 201, 0.571029
38, 202, 0.472858
38, 203, -1
38, 204, 0.481785
38, 205, -1
38, 206, -1
38, 207, -1
38, 208, 0.414854
38, 209, -1
38, 210, 0.847705
38, 211, -1
38, 212, 0.945875
38, 213, -1
38, 214, 0.325569
38, 215, -0.0894802
38, 216, 0.517504
38, 217, 0.27206
38, 218, 0.544282
38, 219, 0.642418
38, 220, 0.660269
38, 221, 0.660311
38, 222, -1
38, 223, 0.49074
38, 224, -1
38, 225, 0.249755
38, 226, 0.312236
38, 227, 0.401492
38, 228, 0.258644
38, 229, 0.878983
38, 230, 0.901297
38, 231, -1
38, 232, 0.236334
38, 233, -1
38, 234, -1
38, 235, -1
38, 236, -1
38, 237, -0.0939283
38, 238, -1
38, 239, 0.910242
38, 240, -1
38, 241, 0.870086
38, 242, 0.638037
38, 243, 0.289942
38, 244, -1
38, 245, -1
38, 246, -1
38, 247, 0.914724
38, 248, 0.887951
38, 249, 0.919191
38, 250, 0.75408
38, 251, -1
38, 252, -1
38, 253, 0.13821
38, 254, 0.026632
38, 255, 0.606821
38, 256, -1
38, 257, 0.325663
38, 258, 0.307772
38, 259, 0.638068
38, 260, 0.722821
38, 261, -1
38, 262, -1
38, 263, 0.352449
38, 264, -1
38, 265, -1
38, 266, 0.874605
38, 267, -1
38, 268, 0.972787
38, 269, 0.888
38, 270, -1
38, 271, 0.39709
38, 272, -1
38, 273, -0.107254
38, 274, -1
38, 275, -1
38, 276, -1
38, 277, -1
38, 278, -1
38, 279, -1
38, 280, -1
38, 281, -1
38, 282, 0.102532
38, 283, 0.0846799
38, 284, 0.785389
38, 285, 0.887997
38, 286, 0.883576
38, 287, -1
38, 288, -1
38, 289, -1
38, 290, -1
38, 291, -0.111745
38, 292, -1
38, 293, -1
38, 294, -1
38, 295, -1
38, 296, -1
38, 297, -0.174232
38, 298, -1
38, 299, -1
38, 300, -1
38, 301, -1
38, 302, -1
38, 303, 0.356924
38, 304, 0.557812
38, 305, -1
38, 306, 0.731838
38, 307, 0.968422
38, 308, 0.530999
38, 309, 0.330192
38, 310, -1
38, 311, -1
38, 312, 0.00436237
38, 313, 0.339124
38, 314, -1
38, 315, 0.477491
38, 316, -1
38, 317, -0.201002
38, 318, -1
38, 319, -1
38, 320, 0.937212
38, 321, 0.999698
38, 322, 0.205191
38, 323, 0.0757487
38, 324, 0.196266
38, 325, 0.870277
38, 326, 0.714025
38, 327, -1
38, 328, 0.272191
38, 329, 0.392707
38, 330, 0.232021
38, 331, -1
38, 332, 0.0624061
38, 333, -1
38, 334, -1
38, 335, 0.691725
38, 336, -0.178672
38, 337, -0.178672
38, 338, -1
38, 339, 0.968501
38, 340, -1
38, 341, 0.334656
38, 342, 0.499849
38, 343, 0.879244
38, 344, 0.276673
38, 345, 0.477496
38, 346, 0.53106
38, 347, -1
38, 348, -1
38, 349, -1
38, 350, -1
38, 351, -0.120633
38, 352, -1
38, 353, 0.107022
38, 354, 0.0445703
38, 355, -1
38, 356, -1
38, 357, -1
38, 358, 0.374851
38, 359, -1
38, 360, 0.999798
38, 361, -1
38, 362, 0.830189
38, 363, -1
38, 364, -1
38, 365, -1
38, 366, 0.937323
38, 367, 0.575731
38, 368, 0.562382
38, 369, 0.45079
38, 370, -1
38, 371, 0.191892
38, 372, -1
38, 373, 0.901631
38, 374, -1
38, 375, 0.611454
38, 376, -1
38, 377, 0.763266
38, 378, -1
38, 379, -1
38, 380, -1
38, 381, 0.30346
38, 382, 0.968608
38, 383, 0.785597
38, 384, 0.968613
38, 385, -1
38, 386, 0.999864
38, 387, 0.486487
38, 388, -1
38, 389, -0.0179362
38, 390, 0.196336
38, 391, -1
38, 392, -1
38, 393, -1
38, 394, -1
38, 395, -1
38, 396, -1
38, 397, 0.848121
38, 398, 0.615999
38, 399, 0.767775
39, 0, 0.766911
39, 1, -1
39, 2, -1
39, 3, -1
39, 4, 0.700053
39, 5, 0.249462
39, 6, 0.829367
39, 7, -1
39, 8, -1
39, 9, -1
39, 10, -1
39, 11, -1
39, 12, -1
39, 13, -1
39, 14, 0.76698
39, 15, -1
39, 16, 0.49038
39, 17, 0.58406
39, 18, 0.209324
39, 19, 0.784832
39, 20, 0.909724
39, 21, 0.842822
39, 22, 0.998931
39, 23, -1
39, 24, -1
39, 25, -1
39, 26, -0.0762246
39, 27, -1
39, 28, 0.896362
39, 29, 0.798235
39, 30, 0.588583
39, 31, -1
39, 32, 0.60197
39, 33, 0.42799
39, 34, -1
39, 35, -0.227936
39, 36, -1
39, 37, -1
39, 38, -1
39, 39, -1
39, 40, -1
39, 41, 0.99898
39, 42, 0.682283
39, 43, 0.816107
39, 44, -1
39, 45, 0.784887
39, 46, 0.490466
39, 47, 0.441394
39, 48, 0.289706
39, 49, -1
39, 50, 0.129087
39, 51, 0.463706
39, 52, 0.535088
39, 53, 0.517244
39, 54, 0.0933548
39, 55, 0.628776
39, 56, 0.320907
39, 57, 0.120129
39, 58, 0.771531
39, 59, -1
39, 60, -1
39, 61, 0.280758
39, 62, -1
39, 63, 0.909825
39, 64, -1
39, 65, 0.842919
39, 66, -1
39, 67, -1
39, 68, -1
39, 69, 0.271885
39, 70, -1
39, 71, -1
39, 72, 0.494967
39, 73, -1
39, 74, 0.642193
39, 75, 0.557431
39, 76, 0.503856
39, 77, 0.31201
39, 78, 0.615433
39, 79, 0.923245
39, 80, 0.878639
39, 81, 0.0933796
39, 82, 0.735892
39, 83, -0.0538726
39, 84, 0.816195
39, 85, 0.695748
39, 86, -1
39, 87, -1
39, 88, -1
39, 89, -0.0583306
39, 90, 0.477149
39, 91, 0.396801
39, 92, -1
39, 93, -1
39, 94, -1
39, 95, 0.95451
39, 96, 0.231719
39, 97, -1
39, 98, 0.936673
39, 99, 0.758233
39, 100, -1
39, 101, -1
39, 102, 0.352238
39, 103, 0.967912
39, 104, 0.526248
39, 105, -0.0360066
39, 106, 0.23173
39, 107, -1
39, 108, -1
39, 109, -1
39, 110, 0.146953
39, 111, -0.317152
39, 112, -1
39, 113, -1
39, 114, 0.999167
39, 115, 0.999169
39, 116, 0.851955
39, 117, 0.972408
39, 118, 0.909955
39, 119, -1
39, 120, -1
39, 121, 0.316526
39, 122, -1
39, 123, 0.271948
39, 124, 0.0488354
39, 125, -1
39, 126, 0.12916
39, 127, -1
39, 128, 0.151434
39, 129, -1
39, 130, 0.262992
39, 131, -1
39, 132, -1
39, 133, -1
39, 134, -1
39, 135, 0.298735
39, 136, 0.642265
39, 137, -1
39, 138, 0.503953
39, 139, -1
39, 140, 0.00864584
39, 141, -1
39, 142, 0.432608
39, 143, 0.213922
39, 144, -1
39, 145, -0.210025
39, 146, -1
39, 147, 0.205042
39, 148, -1
39, 149, 0.968026
39, 150, 0.441543
39, 151, -0.12969
39, 152, 0.115758
39, 153, -1
39, 154, -1
39, 155, -1
39, 156, -1
39, 157, 0.896622
39, 158, -1
39, 159, -0.147536
39, 160, 0.936823
39, 161, 0.370124
39, 162, 0.709281
39, 163, -1
39, 164, 0.325505
39, 165, -1
39, 166, -1
39, 167, -1
39, 168, 0.548661
39, 169, -1
39, 170, -1
39, 171, -1
39, 172, 0.807462
39, 173, 0.352331
39, 174, 0.280893
39, 175, -1
39, 176, 0.062228
39, 177, 0.660228
39, 178, 0.651266
39, 179, 0.695888
39, 180, 0.48621
39, 181, -1
39, 182, 0.584382
39, 183, -1
39, 184, -1
39, 185, 0.695899
39, 186, -1
39, 187, -1
39, 188, -1
39, 189, -1
39, 190, -0.0180507
39, 191, -0.000198399
39, 192, -0.0582156
39, 193, -1
39, 194, 0.214018
39, 195, -1
39, 196, 0.187203
39, 197, -1
39, 198, -1
39, 199, 0.383562
39, 200, 0.93692
39, 201, -1
39, 202, 0.160433
39, 203, 0.81195
39, 204, -1
39, 205, 0.548722
39, 206, -1
39, 207, -1
39, 208, -0.165359
39, 209, 0.0890747
39, 210, -0.0537395
39, 211, -1
39, 212, -1
39, 213, -1
39, 214, -1
39, 215, 0.794167
39, 216, 0.745084
39, 217, -1
39, 218, 0.669188
39, 219, 0.820949
39, 220, 0.901271
39, 221, -1
39, 222, 0.374668
39, 223, 0.379132
39, 224, -1
39, 225, -1
39, 226, -0.308174
39, 227, 0.298848
39, 228, -1
39, 229, 0.753995
39, 230, -1
39, 231, 0.289927
39, 232, -1
39, 233, -1
39, 234, -1
39, 235, 0.120299
39, 236, 0.968243
39, 237, -1
39, 238, 0.526463
39, 239, -1
39, 240, -1
39, 241, 0.517502
39, 242, -1
39, 243, 0.767451
39, 244, 0.455028
39, 245, 0.388127
39, 246, 0.294367
39, 247, 0.0712166
39, 248, -1
39, 249, 0.388133
39, 250, -1
39, 251, -1
39, 252, -1
39, 253, -0.0180423
39, 254, 0.361322
39, 255, -0.263526
39, 256, 0.700538
39, 257, 0.950445
39, 258, -1
39, 259, 0.10247
39, 260, 0.0980074
39, 261, -1
39, 262, -1
39, 263, 0.883521
39, 264, 0.258685
39, 265, -1
39, 266, -1
39, 267, -1
39, 268, -0.196567
39, 269, -1
39, 270, -1
39, 271, -0.285835
39, 272, -1
39, 273, 0.68272
39, 274, -1
39, 275, -0.183172
39, 276, -1
39, 277, 0.169435
39, 278, 0.633637
39, 279, -1
39, 280, -1
39, 281, 0.999593
39, 282, -0.00462962
39, 283, -1
39, 284, -1
39, 285, -1
39, 286, -1
39, 287, 0.624728
39, 288, -1
39, 289, -1
39, 290, -1
39, 291, -1
39, 292, -1
39, 293, -1
39, 294, 0.669371
39, 295, -0.317069
39, 296, 0.0667967
39, 297, -0.209941
39, 298, 0.508666
39, 299, 0.276578
39, 300, -1
39, 301, -1
39, 302, -1
39, 303, 0.99965
39, 304, 0.776503
39, 305, 0.705096
39, 306, -1
39, 307, -1
39, 308, -1
39, 309, 0.254314
39, 310, -1
39, 311, -1
39, 312, 0.102519
39, 313, -1
39, 314, -0.263496
39, 315, 0.517659
39, 316, -1
39, 317, -1
39, 318, 0.298918
39, 319, -1
39, 320, 0.977378
39, 321, 0.330166
39, 322, 0.714055
39, 323, -1
39, 324, 0.392658
39, 325, -1
39, 326, 0.414978
39, 327, -1
39, 328, 0.455192
39, 329, -1
39, 330, 0.727421
39, 331, 0.745316
39, 332, -1
39, 333, -1
39, 334, -1
39, 335, 0.499837
39, 336, 0.888152
39, 337, -1
39, 338, -0.281339
39, 339, 0.821169
39, 340, 0.968501
39, 341, -1
39, 342, 0.598004
39, 343, -0.129567
39, 344, 0.897098
39, 345, 0.303455
39, 346, 0.482
39, 347, 0.236462
39, 348, -1
39, 349, -1
39, 350, 0.0132793
39, 351, 0.432908
39, 352, 0.486432
39, 353, -1
39, 354, -0.156343
39, 355, -1
39, 356, 0.852491
39, 357, -1
39, 358, 0.928375
39, 359, -1
39, 360, 0.910526
39, 361, -1
39, 362, 0.745379
39, 363, 0.68289
39, 364, -1
39, 365, 0.749848
39, 366, 0.111497
39, 367, -1
39, 368, 0.798954
39, 369, 0.482035
39, 370, -1
39, 371, 0.0311923
39, 372, 0.0401209
39, 373, 0.191893
39, 374, 0.303491
39, 375, -1
39, 376, -1
39, 377, 0.660558
39, 378, 0.290064
39, 379, -1
39, 380, 0.999847
39, 381, 0.745417
39, 382, -0.0670461
39, 383, 0.937362
39, 384, -1
39, 385, 0.37939
39, 386, 0.937369
39, 387, 0.241012
39, 388, 0.459744
39, 389, -1
39, 390, -1
39, 391, -1
39, 392, -0.00900661
39, 393, 0.361505
39, 394, -1
39, 395, -1
39, 396, -1
39, 397, 0.651667
39, 398, -1
39, 399, -1
40, 0, -1
40, 1, 0.847235
40, 2, -1
40, 3, 0.967661
40, 4, -1
40, 5, 0.896265
40, 6, 0.731278
40, 7, -1
40, 8, -1
40, 9, 0.0977742
40, 10, -1
40, 11, 0.940921
40, 12, -1
40, 13, 0.659883
40, 14, -1
40, 15, -1
40, 16, -0.174399
40, 17, 0.700076
40, 18, 0.932017
40, 19, 0.93648
40, 20, 0.967703
40, 21, 0.472542
40, 22, -1
40, 23, -1
40, 24, 0.958793
40, 25, -0.227942
40, 26, -1
40, 27, -1
40, 28, 0.932041
40, 29, 0.896362
40, 30, 0.427944
40, 31, 0.887446
40, 32, -1
40, 33, -1
40, 34, -1
40, 35, -1
40, 36, -1
40, 37, -1
40, 38, -1
40, 39, -1
40, 40, -1
40, 41, -1
40, 42, 0.512764
40, 43, -1
40, 44, 0.530612
40, 45, 0.334276
40, 46, 0.615335
40, 47, 0.325396
40, 48, -1
40, 49, -1
40, 50, -1
40, 51, -1
40, 52, -0.227927
40, 53, -1
40, 54, -1
40, 55, 0.160283
40, 56, -1
40, 57, -1
40, 58, -1
40, 59, 0.285257
40, 60, 0.735847
40, 61, -1
40, 62, -1
40, 63, 0.749195
40, 64, -1
40, 65, -1
40, 66, 0.651059
40, 67, -1
40, 68, 0.780472
40, 69, 0.570804
40, 70, -1
40, 71, -1
40, 72, -1
40, 73, -1
40, 74, -1
40, 75, 0.365546
40, 76, -1
40, 77, 0.378974
40, 78, -1
40, 79, -1
40, 80, 0.758151
40, 81, 0.0175218
40, 82, -1
40, 83, -1
40, 84, 0.838498
40, 85, 0.780507
40, 86, -0.0672583
40, 87, 0.883114
40, 88, 0.999098
40, 89, -1
40, 90, -1
40, 91, -1
40, 92, -1
40, 93, -1
40, 94, -1
40, 95, -1
40, 96, -1
40, 97, -1
40, 98, -1
40, 99, -1
40, 100, -1
40, 101, 0.490549
40, 102, -1
40, 103, 0.887612
40, 104, 0.704705
40, 105, 0.490555
40, 106, -1
40, 107, 0.976841
40, 108, -1
40, 109, -1
40, 110, -0.120752
40, 111, -1
40, 112, -1
40, 113, -1
40, 114, -1
40, 115, -1
40, 116, -1
40, 117, 0.227279
40, 118, -1
40, 119, -1
40, 120, 0.731465
40, 121, 0.280829
40, 122, -1
40, 123, 0.999187
40, 124, 0.85197
40, 125, -1
40, 126, -1
40, 127, 0.709211
40, 128, -1
40, 129, 0.111272
40, 130, -1
40, 131, -1
40, 132, -1
40, 133, -1
40, 134, -1
40, 135, -1
40, 136, -1
40, 137, 0.967994
40, 138, -1
40, 139, 0.776158
40, 140, -1
40, 141, 0.905545
40, 142, -1
40, 143, 0.356712
40, 144, -1
40, 145, 0.905555
40, 146, 0.477192
40, 147, 0.628939
40, 148, -1
40, 149, 0.35676
40, 150, -0.187668
40, 151, -1
40, 152, 0.222895
40, 153, -1
40, 154, -1
40, 155, 0.191622
40, 156, -1
40, 157, -0.00919199
40, 158, 0.370118
40, 159, 0.780621
40, 160, 0.762817
40, 161, -1
40, 162, 0.95021
40, 163, 0.999289
40, 164, 0.825289
40, 165, 0.758325
40, 166, -1
40, 167, -1
40, 168, -1
40, 169, -1
40, 170, -1
40, 171, -1
40, 172, 0.120238
40, 173, -1
40, 174, 0.254117
40, 175, 0.887778
40, 176, 0.923474
40, 177, -1
40, 178, 0.495089
40, 179, 0.691424
40, 180, 0.0176029
40, 181, -1
40, 182, -1
40, 183, 0.593266
40, 184, -1
40, 185, -1
40, 186, 0.856571
40, 187, -1
40, 188, -1
40, 189, -0.00466366
40, 190, -0.12074
40, 191, 0.611168
40, 192, -1
40, 193, -1
40, 194, 0.852127
40, 195, 0.678108
40, 196, -1
40, 197, 0.999376
40, 198, -1
40, 199, -1
40, 200, -0.0582508
40, 201, -1
40, 202, -1
40, 203, -1
40, 204, 0.861073
40, 205, 0.553142
40, 206, 0.405883
40, 207, -1
40, 208, -1
40, 209, 0.289899
40, 210, -1
40, 211, 0.861089
40, 212, 0.745074
40, 213, 0.887866
40, 214, -1
40, 215, 0.222925
40, 216, -1
40, 217, 0.843254
40, 218, 0.847718
40, 219, 0.887839
40, 220, -1
40, 221, 0.517509
40, 222, -1
40, 223, -1
40, 224, 0.539786
40, 225, 0.325621
40, 226, 0.379134
40, 227, -0.0492647
40, 228, -1
40, 229, 0.138185
40, 230, -1
40, 231, -1
40, 232, -1
40, 233, -1
40, 234, -1
40, 235, 0.115876
40, 236, 0.218485
40, 237, 0.820986
40, 238, 0.856687
40, 239, -1
40, 240, -0.19212
40, 241, 0.870081
40, 242, 0.883471
40, 243, 0.950408
40, 244, 0.883475
40, 245, 0.60676
40, 246, -1
40, 247, -0.116239
40, 248, -1
40, 249, -0.0938811
40, 250, 0.999512
40, 251, -1
40, 252, 0.468427
40, 253, 0.812096
40, 254, -1
40, 255, -1
40, 256, -1
40, 257, 0.780866
40, 258, 0.798719
40, 259, -1
40, 260, -1
40, 261, 0.99954
40, 262, 0.999542
40, 263, 0.651419
40, 264, 0.892446
40, 265, 0.941537
40, 266, -1
40, 267, -1
40, 268, -1
40, 269, 0.727338
40, 270, 0.624696
40, 271, -1
40, 272, -1
40, 273, 0.374775
40, 274, -1
40, 275, 0.999576
40, 276, 0.740741
40, 277, 0.968342
40, 278, -1
40, 279, -1
40, 280, -1
40, 281, 0.535415
40, 282, -1
40, 283, 0.660422
40, 284, -1
40, 285, 0.740759
40, 286, 0.63365
40, 287, 0.495258
40, 288, 0.803245
40, 289, 0.321198
40, 290, 0.923746
40, 291, 0.999616
40, 292, 0.84342
40, 293, 0.865736
40, 294, -1
40, 295, -1
40, 296, 0.999629
40, 297, -1
40, 298, -1
40, 299, 0.553297
40, 300, 0.798767
40, 301, -1
40, 302, -1
40, 303, 0.495323
40, 304, 0.388166
40, 305, 0.999652
40, 306, -1
40, 307, -1
40, 308, 0.963956
40, 309, -1
40, 310, -1
40, 311, 0.919334
40, 312, 0.678288
40, 313, -1
40, 314, -1
40, 315, 0.196254
40, 316, -1
40, 317, 0.82116
40, 318, 0.999685
40, 319, -1
40, 320, 0.905966
40, 321, 0.999693
40, 322, 0.633715
40, 323, 0.410549
40, 324, 0.772039
40, 325, 0.999703
40, 326, -1
40, 327, 0.763159
40, 328, 0.914911
40, 329, -1
40, 330, 0.999716
40, 331, -1
40, 332, -1
40, 333, -1
40, 334, 0.856903
40, 335, 0.999729
40, 336, 0.0980768
40, 337, 0.571254
40, 338, 0.597996
40, 339, -1
40, 340, 0.789966
40, 341, 0.821212
40, 342, -1
40, 343, -1
40, 344, 0.111516
40, 345, -1
40, 346, -1
40, 347, 0.665004
40, 348, 0.450756
40, 349, 0.999765
40, 350, 0.843548
40, 351, 0.883721
40, 352, -1
40, 353, 0.745318
40, 354, 0.0266731
40, 355, 0.0981347
40, 356, 0.285612
40, 357, -1
40, 358, -1
40, 359, -1
40, 360, -1
40, 361, -1
40, 362, -1
40, 363, -1
40, 364, -1
40, 365, 0.43739
40, 366, -0.200975
40, 367, 0.754314
40, 368, -1
40, 369, -1
40, 370, 0.910547
40, 371, 0.892695
40, 372, -1
40, 373, 0.397187
40, 374, 0.294562
40, 375, -0.272354
40, 376, -0.285786
40, 377, -1
40, 378, -1
40, 379, -1
40, 380, 0.410589
40, 381, -1
40, 382, 0.821301
40, 383, 0.888259
40, 384, -1
40, 385, -1
40, 386, 0.999859
40, 387, -1
40, 388, -1
40, 389, 0.187445
40, 390, -1
40, 391, -1
40, 392, 0.169593
40, 393, -1
40, 394, 0.18741
40, 395, 0.392794
40, 396, -0.0625727
40, 397, -1
40, 398, -0.196493
40, 399, 0.834729
41, 0, -1
41, 1, -1
41, 2, -1
41, 3, -1
41, 4, 0.173655
41, 5, -1
41, 6, -1
41, 7, -1
41, 8, 0.42349
41, 9, -1
41, 10, 0.891855
41, 11, -1
41, 12, -1
41, 13, -1
41, 14, -1
41, 15, -1
41, 16, -1
41, 17, -1
41, 18, -1
41, 19, -1
41, 20, 0.664395
41, 21, -1
41, 22, 0.459159
41, 23, 0.851742
41, 24, 0.392285
41, 25, 0.682247
41, 26, -0.0316055
41, 27, -1
41, 28, -0.0404878
41, 29, 0.0755231
41, 30, -1
41, 31, 0.637651
41, 32, 0.57074
41, 33, -1
41, 34, -1
41, 35, 0.200417
41, 36, -1
41, 37, -1
41, 38, -1
41, 39, 0.227231
41, 40, 0.96775
41, 41, -1
41, 42, -1
41, 43, 0.67336
41, 44, -1
41, 45, -1
41, 46, 0.477079
41, 47, 0.99899
41, 48, -1
41, 49, 0.998995
41, 50, 0.941013
41, 51, -1
41, 52, -1
41, 53, -1
41, 54, 0.735833
41, 55, -1
41, 56, -1
41, 57, -1
41, 58, -1
41, 59, -1
41, 60, 0.9678
41, 61, -1
41, 62, 0.624324
41, 63, -1
41, 64, 0.494952
41, 65, -1
41, 66, -1
41, 67, -1
41, 68, 0.825078
41, 69, 0.976744
41, 70, -1
41, 71, 0.909839
41, 72, 0.927684
41, 73, 0.78048
41, 74, -1
41, 75, -0.0136791
41, 76, 0.383433
41, 77, 0.0309446
41, 78, -1
41, 79, -1
41, 80, -0.214525
41, 81, -1
41, 82, -1
41, 83, 0.173737
41, 84, -1
41, 85, 0.365598
41, 86, 0.914335
41, 87, 0.887573
41, 88, 0.999095
41, 89, -1
41, 90, 0.9991
41, 91, 0.999103
41, 92, 0.936654
41, 93, 0.762677
41, 94, -1
41, 95, 0.124666
41, 96, 0.619923
41, 97, -1
41, 98, -1
41, 99, -1
41, 100, -1
41, 101, -1
41, 102, 0.499432
41, 103, -1
41, 104, -1
41, 105, -1
41, 106, -1
41, 107, -1
41, 108, -1
41, 109, -1
41, 110, -1
41, 111, 0.798404
41, 112, -1
41, 113, 0.133608
41, 114, 0.887635
41, 115, 0.762722
41, 116, -1
41, 117, 0.927792
41, 118, -1
41, 119, -1
41, 120, 0.227321
41, 121, -1
41, 122, -0.294833
41, 123, -1
41, 124, 0.945613
41, 125, 0.896583
41, 126, 0.981348
41, 127, -1
41, 128, -1
41, 129, -1
41, 130, 0.593213
41, 131, 0.811831
41, 132, 0.793988
41, 133, -1
41, 134, -1
41, 135, 0.914451
41, 136, 0.950144
41, 137, -1
41, 138, 0.780616
41, 139, -0.0493705
41, 140, 0.178258
41, 141, -1
41, 142, -0.0850294
41, 143, 0.865395
41, 144, -1
41, 145, 0.945705
41, 146, -1
41, 147, -1
41, 148, -1
41, 149, -1
41, 150, 0.941255
41, 151, 0.999256
41, 152, 0.865415
41, 153, 0.968031
41, 154, 0.892189
41, 155, -1
41, 156, 0.968039
41, 157, 0.347804
41, 158, -1
41, 159, -1
41, 160, 0.557569
41, 161, 0.0533281
41, 162, -1
41, 163, -1
41, 164, -1
41, 165, -1
41, 166, -1
41, 167, -1
41, 168, -1
41, 169, -1
41, 170, 0.954689
41, 171, -1
41, 172, 0.99931
41, 173, 0.83423
41, 174, 0.93239
41, 175, 0.968086
41, 176, 0.843161
41, 177, -1
41, 178, 0.213958
41, 179, -1
41, 180, 0.651306
41, 181, -1
41, 182, 0.151526
41, 183, 0.950259
41, 184, 0.852102
41, 185, -1
41, 186, 0.968113
41, 187, 0.945807
41, 188, 0.954733
41, 189, 0.896732
41, 190, 0.999356
41, 191, -1
41, 192, 0.999361
41, 193, -1
41, 194, 0.785195
41, 195, -1
41, 196, -1
41, 197, -1
41, 198, 0.111337
41, 199, -1
41, 200, -1
41, 201, -1
41, 202, -1
41, 203, 0.731668
41, 204, -1
41, 205, -1
41, 206, -1
41, 207, -1
41, 208, -1
41, 209, 0.999404
41, 210, -1
41, 211, 0.865549
41, 212, 0.588892
41, 213, 0.861091
41, 214, 0.807547
41, 215, -1
41, 216, -1
41, 217, -1
41, 218, -1
41, 219, -1
41, 220, -1
41, 221, -1
41, 222, -0.134109
41, 223, -1
41, 224, -1
41, 225, 0.999445
41, 226, 0.999448
41, 227, 0.99945
41, 228, -1
41, 229, 0.999455
41, 230, -1
41, 231, -1
41, 232, 0.45951
41, 233, -1
41, 234, -1
41, 235, 0.687107
41, 236, -0.281349
41, 237, 0.820984
41, 238, 0.414892
41, 239, 0.258694
41, 240, 0.941474
41, 241, 0.539852
41, 242, -0.0582211
41, 243, -1
41, 244, -1
41, 245, 0.691588
41, 246, 0.999499
41, 247, 0.999501
41, 248, -1
41, 249, -1
41, 250, -1
41, 251, -1
41, 252, 0.807629
41, 253, -1
41, 254, -1
41, 255, -1
41, 256, -1
41, 257, 0.856728
41, 258, -1
41, 259, 0.481865
41, 260, -1
41, 261, 0.834424
41, 262, -1
41, 263, -1
41, 264, -1
41, 265, -1
41, 266, -1
41, 267, -1
41, 268, 0.883528
41, 269, -1
41, 270, -1
41, 271, -1
41, 272, 0.62916
41, 273, 0.892465
41, 274, 0.968332
41, 275, 0.954947
41, 276, 0.245347
41, 277, -1
41, 278, -1
41, 279, 0.71843
41, 280, -1
41, 281, -1
41, 282, 0.182828
41, 283, -1
41, 284, -1
41, 285, -1
41, 286, -1
41, 287, -1
41, 288, -1
41, 289, -1
41, 290, -1
41, 291, -1
41, 292, 0.736308
41, 293, 0.963917
41, 294, -1
41, 295, -1
41, 296, -1
41, 297, 0.584574
41, 298, 0.513126
41, 299, -1
41, 300, 0.772028
41, 301, -1
41, 302, 0.432835
41, 303, -1
41, 304, -1
41, 305, -1
41, 306, -1
41, 307, -1
41, 308, -1
41, 309, -1
41, 310, -1
41, 311, -1
41, 312, -1
41, 313, 0.99967
41, 314, -1
41, 315, 0.615847
41, 316, -1
41, 317, -1
41, 318, -1
41, 319, -1
41, 320, 0.977373
41, 321, 0.584615
41, 322, 0.624746
41, 323, -1
41, 324, -1
41, 325, -1
41, 326, -1
41, 327, -1
41, 328, -1
41, 329, -1
41, 330, 0.660507
41, 331, 0.745312
41, 332, 0.705144
41, 333, -1
41, 334, 0.977408
41, 335, 0.999726
41, 336, 0.981876
41, 337, 0.111508
41, 338, 0.0712957
41, 339, -1
41, 340, 0.870304
41, 341, 0.972962
41, 342, -1
41, 343, 0.687272
41, 344, 0.999749
41, 345, -1
41, 346, -1
41, 347, 0.361482
41, 348, 0.214143
41, 349, 0.758739
41, 350, -1
41, 351, -1
41, 352, 0.0267109
41, 353, 0.834626
41, 354, 0.90158
41, 355, 0.999778
41, 356, -1
41, 357, -0.250084
41, 358, -1
41, 359, -0.30365
41, 360, 0.531118
41, 361, -1
41, 362, 0.897135
41, 363, 0.629323
41, 364, 0.607007
41, 365, 0.531126
41, 366, -1
41, 367, 0.852511
41, 368, -1
41, 369, 0.892688
41, 370, 0.95518
41, 371, -1
41, 372, 0.620412
41, 373, -1
41, 374, -1
41, 375, -1
41, 376, -1
41, 377, -1
41, 378, 0.999836
41, 379, 0.267783
41, 380, 0.843613
41, 381, 0.999844
41, 382, 0.910573
41, 383, -1
41, 384, 0.740955
41, 385, 0.848087
41, 386, 0.611509
41, 387, 0.732034
41, 388, 0.977543
41, 389, -1
41, 390, -1
41, 391, -1
41, 392, 0.187447
41, 393, -1
41, 394, 0.923992
41, 395, 0.950778
41, 396, 0.633846
41, 397, -0.0937807
41, 398, -0.160781
41, 399, 0.508861
42, 0, 0.998868
42, 1, -1
42, 2, -1
42, 3, -1
42, 4, 0.954279
42, 5, 0.793677
42, 6, -1
42, 7, 0.628644
42, 8, 0.798184
42, 9, 0.88735
42, 10, -1
42, 11, -1
42, 12, -1
42, 13, 0.936461
42, 14, -0.312734
42, 15, 0.63762
42, 16, 0.753556
42, 17, 0.94093
42, 18, 0.137936
42, 19, 0.869532
42, 20, 0.998919
42, 21, -0.250257
42, 22, 0.780331
42, 23, -1
42, 24, 0.793757
42, 25, -1
42, 26, -1
42, 27, 0.316405
42, 28, -1
42, 29, -1
42, 30, 0.320871
42, 31, 0.0487126
42, 32, 0.686679
42, 33, 0.0844091
42, 34, 0.771476
42, 35, -1
42, 36, 0.891913
42, 37, 0.936519
42, 38, 0.74914
42, 39, -1
42, 40, -1
42, 41, 0.96775
42, 42, 0.503799
42, 43, 0.0576468
42, 44, 0.222734
42, 45, 0.0978057
42, 46, 0.490462
42, 47, 0.75812
42, 48, -1
42, 49, -0.102984
42, 50, -1
42, 51, 0.923171
42, 52, -0.116369
42, 53, 0.579695
42, 54, -1
42, 55, -1
42, 56, 0.704609
42, 57, 0.936567
42, 58, 0.169208
42, 59, 0.722458
42, 60, -1
42, 61, 0.717961
42, 62, -1
42, 63, 0.758113
42, 64, 0.677858
42, 65, -0.036039
42, 66, -1
42, 67, 0.227221
42, 68, -1
42, 69, -1
42, 70, 0.013049
42, 71, 0.329886
42, 72, -1
42, 73, -0.227877
42, 74, 0.472659
42, 75, 0.579692
42, 76, -1
42, 77, 0.722493
42, 78, 0.405702
42, 79, -1
42, 80, 0.81618
42, 81, 0.718
42, 82, 0.825106
42, 83, -1
42, 84, -1
42, 85, 0.338786
42, 86, -1
42, 87, -1
42, 88, 0.0532238
42, 89, 0.740321
42, 90, -0.0449449
42, 91, 0.267445
42, 92, -1
42, 93, -1
42, 94, -1
42, 95, 0.392381
42, 96, 0.329917
42, 97, -0.120802
42, 98, -1
42, 99, 0.463733
42, 100, 0.182637
42, 101, 0.182638
42, 102, 0.664505
42, 103, 0.3165
42, 104, -1
42, 105, -1
42, 106, -1
42, 107, -1
42, 108, -1
42, 109, -0.192156
42, 110, -1
42, 111, 0.191613
42, 112, -1
42, 113, -0.00476567
42, 114, 0.682414
42, 115, -1
42, 116, -1
42, 117, 0.548573
42, 118, 0.655652
42, 119, 0.106799
42, 120, -1
42, 121, -1
42, 122, -1
42, 123, -1
42, 124, 0.37007
42, 125, -1
42, 126, 0.584281
42, 127, -1
42, 128, -1
42, 129, -1
42, 130, 0.147011
42, 131, 0.414699
42, 132, -1
42, 133, -1
42, 134, -1
42, 135, -1
42, 136, -1
42, 137, -1
42, 138, -1
42, 139, -1
42, 140, 0.825233
42, 141, -1
42, 142, 0.615541
42, 143, 0.718162
42, 144, -1
42, 145, 0.445953
42, 146, 0.379064
42, 147, -1
42, 148, -1
42, 149, -1
42, 150, -1
42, 151, -1
42, 152, -1
42, 153, -1
42, 154, -1
42, 155, 0.905573
42, 156, -1
42, 157, -0.25465
42, 158, 0.914503
42, 159, 0.945736
42, 160, -1
42, 161, 0.767236
42, 162, -1
42, 163, 0.852053
42, 164, 0.722624
42, 165, -0.0582777
42, 166, -1
42, 167, 0.245182
42, 168, 0.147008
42, 169, -1
42, 170, 0.968071
42, 171, -1
42, 172, -1
42, 173, -0.138604
42, 174, 0.178292
42, 175, -1
42, 176, 0.758384
42, 177, 0.780695
42, 178, -1
42, 179, 0.874397
42, 180, 0.936864
42, 181, 0.646804
42, 182, -1
42, 183, -1
42, 184, -1
42, 185, -1
42, 186, 0.94134
42, 187, -1
42, 188, -1
42, 189, 0.820837
42, 190, 0.789646
42, 191, -1
42, 192, -1
42, 193, -1
42, 194, 0.43714
42, 195, 0.49065
42, 196, -0.0225517
42, 197, 0.887824
42, 198, -1
42, 199, -1
42, 200, 0.883369
42, 201, 0.968148
42, 202, -1
42, 203, 0.745012
42, 204, -1
42, 205, -1
42, 206, 0.338942
42, 207, 0.874461
42, 208, 0.414808
42, 209, 0.968168
42, 210, 0.637972
42, 211, -1
42, 212, -1
42, 213, -0.0448537
42, 214, -1
42, 215, 0.950335
42, 216, 0.553197
42, 217, -1
42, 218, -1
42, 219, -1
42, 220, 0.99943
42, 221, 0.812022
42, 222, 0.785251
42, 223, 0.731665
42, 224, 0.852189
42, 225, 0.798644
42, 226, 0.423799
42, 227, -1
42, 228, 0.736138
42, 229, -1
42, 230, 0.584458
42, 231, -0.00467234
42, 232, 0.272073
42, 233, -1
42, 234, 0.96823
42, 235, 0.606739
42, 236, -1
42, 237, 0.263113
42, 238, -0.125173
42, 239, -1
42, 240, -1
42, 241, 0.910238
42, 242, -1
42, 243, -1
42, 244, -1
42, 245, -1
42, 246, -1
42, 247, 0.945951
42, 248, 0.222959
42, 249, -1
42, 250, -1
42, 251, 0.629121
42, 252, -1
42, 253, -1
42, 254, -1
42, 255, 0.914733
42, 256, 0.682682
42, 257, -1
42, 258, 0.999527
42, 259, -1
42, 260, -1
42, 261, 0.602322
42, 262, -0.0805239
42, 263, 0.691621
42, 264, -0.290304
42, 265, -1
42, 266, -1
42, 267, -1
42, 268, 0.115865
42, 269, 0.0399906
42, 270, -1
42, 271, 0.0355291
42, 272, -1
42, 273, -1
42, 274, 0.513127
42, 275, -1
42, 276, 0.124799
42, 277, 0.821028
42, 278, 0.459537
42, 279, 0.405981
42, 280, 0.414909
42, 281, -1
42, 282, 0.102488
42, 283, 0.26763
42, 284, -1
42, 285, 0.432768
42, 286, 0.70059
42, 287, 0.682741
42, 288, 0.388182
42, 289, 0.294456
42, 290, 0.557782
42, 291, -0.0180152
42, 292, -1
42, 293, -1
42, 294, -1
42, 295, -1
42, 296, -1
42, 297, -1
42, 298, 0.254257
42, 299, 0.147138
42, 300, 0.713966
42, 301, -0.0715696
42, 302, 0.972862
42, 303, -1
42, 304, 0.803275
42, 305, -0.102812
42, 306, -1
42, 307, 0.499789
42, 308, 0.249805
42, 309, 0.687245
42, 310, 0.00878076
42, 311, -1
42, 312, -1
42, 313, 0.709528
42, 314, -1
42, 315, -1
42, 316, -1
42, 317, -1
42, 318, -1
42, 319, 0.798844
42, 320, 0.441745
42, 321, 0.932742
42, 322, -1
42, 323, 0.138235
42, 324, 0.72298
42, 325, -1
42, 326, 0.566728
42, 327, 0.629216
42, 328, -1
42, 329, 0.910445
42, 330, -1
42, 331, 0.499826
42, 332, -1
42, 333, 0.968476
42, 334, 0.700683
42, 335, 0.339107
42, 336, -1
42, 337, -1
42, 338, -1
42, 339, 0.0802231
42, 340, 0.365895
42, 341, 0.856914
42, 342, 0.321262
42, 343, 0.740871
42, 344, -1
42, 345, 0.441822
42, 346, -1
42, 347, -1
42, 348, 0.169505
42, 349, -1
42, 350, -1
42, 351, -1
42, 352, 0.535567
42, 353, 0.642694
42, 354, -1
42, 355, -1
42, 356, 0.700725
42, 357, 0.772103
42, 358, 0.776609
42, 359, 0.906053
42, 360, -0.236691
42, 361, 0.99979
42, 362, -1
42, 363, -1
42, 364, 0.196304
42, 365, 0.374895
42, 366, 0.1651
42, 367, -1
42, 368, 0.31683
42, 369, 0.968566
42, 370, 0.682857
42, 371, -1
42, 372, 0.798956
42, 373, -1
42, 374, 0.58024
42, 375, -1
42, 376, 0.388261
42, 377, 0.968586
42, 378, -1
42, 379, -1
42, 380, 0.999839
42, 381, 0.843613
42, 382, 0.571326
42, 383, -1
42, 384, 0.410632
42, 385, 0.665071
42, 386, 0.196328
42, 387, -1
42, 388, -1
42, 389, -1
42, 390, 0.879343
42, 391, -1
42, 392, 0.499921
42, 393, 0.91506
42, 394, -0.147392
42, 395, -1
42, 396, 0.794503
42, 397, -1
42, 398, -1
42, 399, 0.77223
43, 0, 0.798165
43, 1, 0.909669
43, 2, -1
43, 3, -1
43, 4, 0.133459
43, 5, 0.793675
43, 6, 0.035305
43, 7, 0.575155
43, 8, -0.161019
43, 9, -1
43, 10, 0.441294
43, 11, -1
43, 12, -1
43, 13, -1
43, 14, -1
43, 15, -0.156553
43, 16, 0.485913
43, 17, 0.597435
43, 18, 0.530565
43, 19, 0.842768
43, 20, 0.65101
43, 21, -1
43, 22, 0.548415
43, 23, -1
43, 24, -1
43, 25, 0.637637
43, 26, -1
43, 27, 0.628678
43, 28, 0.445781
43, 29, -1
43, 30, 0.151332
43, 31, -0.143156
43, 32, -1
43, 33, -1
43, 34, 0.427986
43, 35, 0.0576389
43, 36, 0.459217
43, 37, -1
43, 38, -1
43, 39, -1
43, 40, -1
43, 41, 0.762526
43, 42, 0.96775
43, 43, -1
43, 44, 0.0442609
43, 45, 0.552914
43, 46, 0.53061
43, 47, 0.749197
43, 48, -1
43, 49, -1
43, 50, -1
43, 51, 0.57969
43, 52, -1
43, 53, 0.601999
43, 54, 0.343247
43, 55, -1
43, 56, 0.807165
43, 57, 0.646616
43, 58, -0.0895916
43, 59, -1
43, 60, -1
43, 61, 0.999021
43, 62, 0.115668
43, 63, -1
43, 64, 0.833987
43, 65, 0.709085
43, 66, -1
43, 67, 0.530644
43, 68, 0.869681
43, 69, -1
43, 70, -0.321635
43, 71, 0.499421
43, 72, 0.655566
43, 73, -1
43, 74, 0.521733
43, 75, -1
43, 76, -1
43, 77, -1
43, 78, 0.918772
43, 79, -1
43, 80, 0.87863
43, 81, -1
43, 82, -1
43, 83, -1
43, 84, 0.99908
43, 85, 0.450326
43, 86, 0.566366
43, 87, -1
43, 88, 0.521755
43, 89, -1
43, 90, -1
43, 91, 0.231749
43, 92, -1
43, 93, 0.164781
43, 94, 0.512841
43, 95, -1
43, 96, -1
43, 97, -1
43, 98, 0.798332
43, 99, -1
43, 100, 0.236181
43, 101, 0.914366
43, 102, 0.780536
43, 103, -1
43, 104, 0.441471
43, 105, -1
43, 106, -1
43, 107, 0.566401
43, 108, -1
43, 109, -1
43, 110, 0.865316
43, 111, -1
43, 112, -1
43, 113, 0.570872
43, 114, -1
43, 115, -1
43, 116, -1
43, 117, -1
43, 118, -1
43, 119, 0.838528
43, 120, -0.0716987
43, 121, 0.151423
43, 122, -1
43, 123, -0.0716965
43, 124, 0.606584
43, 125, -0.00917915
43, 126, -1
43, 127, -1
43, 128, 0.267447
43, 129, 0.780593
43, 130, 0.816286
43, 131, -1
43, 132, -1
43, 133, 0.490594
43, 134, -1
43, 135, -1
43, 136, 0.816299
43, 137, -1
43, 138, 0.660149
43, 139, -1
43, 140, -1
43, 141, 0.94569
43, 142, -1
43, 143, -1
43, 144, -1
43, 145, -1
43, 146, -1
43, 147, -1
43, 148, -1
43, 149, -1
43, 150, 0.856483
43, 151, 0.619976
43, 152, 0.767256
43, 153, 0.646791
43, 154, 0.39246
43, 155, -1
43, 156, 0.338876
43, 157, -1
43, 158, -1
43, 159, -1
43, 160, 0.704808
43, 161, -1
43, 162, -1
43, 163, -1
43, 164, -1
43, 165, 0.352315
43, 166, -1
43, 167, 0.472757
43, 168, -1
43, 169, 0.486187
43, 170, 0.843143
43, 171, -1
43, 172, -1
43, 173, 0.539739
43, 174, 0.155938
43, 175, -1
43, 176, -1
43, 177, 0.709303
43, 178, -1
43, 179, -1
43, 180, -1
43, 181, -1
43, 182, -1
43, 183, 0.0622306
43, 184, 0.129172
43, 185, -1
43, 186, 0.316643
43, 187, -1
43, 188, -1
43, 189, -1
43, 190, -1
43, 191, 0.365736
43, 192, -0.0894995
43, 193, 0.0399657
43, 194, -0.0269766
43, 195, -1
43, 196, 0.472841
43, 197, 0.437103
43, 198, -0.0850323
43, 199, 0.762891
43, 200, 0.249681
43, 201, -1
43, 202, 0.633494
43, 203, 0.231874
43, 204, 0.0310492
43, 205, -1
43, 206, 0.383606
43, 207, 0.521904
43, 208, 0.722709
43, 209, -1
43, 210, 0.682553
43, 211, -0.0894864
43, 212, -1
43, 213, -1
43, 214, 0.432705
43, 215, 0.553194
43, 216, -1
43, 217, -1
43, 218, 0.562124
43, 219, -1
43, 220, 0.910145
43, 221, 0.477301
43, 222, 0.655842
43, 223, 0.365779
43, 224, -1
43, 225, -1
43, 226, 0.164916
43, 227, -1
43, 228, 0.780799
43, 229, -1
43, 230, 0.285458
43, 231, -1
43, 232, 0.0399987
43, 233, -1
43, 234, 0.0176447
43, 235, 0.780814
43, 236, -1
43, 237, -1
43, 238, -1
43, 239, -1
43, 240, -1
43, 241, -1
43, 242, -1
43, 243, -1
43, 244, 0.508615
43, 245, 0.231921
43, 246, 0.066749
43, 247, 0.691588
43, 248, -1
43, 249, -1
43, 250, 0.17837
43, 251, -0.223359
43, 252, 0.794237
43, 253, -0.0180454
43, 254, 0.696064
43, 255, -1
43, 256, 0.209577
43, 257, -1
43, 258, -1
43, 259, -1
43, 260, 0.941518
43, 261, 0.861195
43, 262, -1
43, 263, 0.999537
43, 264, -1
43, 265, -1
43, 266, -1
43, 267, -1
43, 268, 0.120327
43, 269, -1
43, 270, -1
43, 271, 0.156076
43, 272, -1
43, 273, -1
43, 274, 0.504199
43, 275, 0.544367
43, 276, 0.588998
43, 277, -0.254589
43, 278, 0.731773
43, 279, 0.441684
43, 280, -1
43, 281, -1
43, 282, 0.678266
43, 283, 0.419415
43, 284, 0.316724
43, 285, 0.16948
43, 286, 0.423883
43, 287, 0.696128
43, 288, -1
43, 289, -1
43, 290, 0.343551
43, 291, 0.0355854
43, 292, 0.294459
43, 293, -1
43, 294, 0.575599
43, 295, 0.0355484
43, 296, -1
43, 297, 0.303351
43, 298, 0.950536
43, 299, 0.932687
43, 300, 0.937152
43, 301, 0.968394
43, 302, -1
43, 303, 0.499741
43, 304, 0.745254
43, 305, 0.374814
43, 306, -1
43, 307, -1
43, 308, -1
43, 309, 0.370356
43, 310, -1
43, 311, -1
43, 312, 0.30341
43, 313, 0.495333
43, 314, -1
43, 315, -1
43, 316, -1
43, 317, 0.678292
43, 318, 0.870249
43, 319, -0.205467
43, 320, 0.37033
43, 321, 0.754174
43, 322, -1
43, 323, -1
43, 324, -1
43, 325, -1
43, 326, -1
43, 327, -1
43, 328, 0.446259
43, 329, -1
43, 330, -1
43, 331, 0.267685
43, 332, 0.687287
43, 333, -1
43, 334, 0.651584
43, 335, 0.575709
43, 336, -1
43, 337, -1
43, 338, 0.950633
43, 339, 0.937246
43, 340, 0.999734
43, 341, 0.874765
43, 342, 0.531086
43, 343, 0.682845
43, 344, -1
43, 345, -1
43, 346, 0.629289
43, 347, 0.468605
43, 348, -1
43, 349, -1
43, 350, 0.687321
43, 351, -0.1251
43, 352, 0.28114
43, 353, -1
43, 354, -1
43, 355, -1
43, 356, 0.865872
43, 357, 0.182905
43, 358, 0.763216
43, 359, 0.42841
43, 360, 0.843564
43, 361, 0.847989
43, 362, 0.892667
43, 363, 0.589107
43, 364, 0.883744
43, 365, 0.897097
43, 366, -1
43, 367, 0.0936389
43, 368, 0.812337
43, 369, 0.294552
43, 370, -1
43, 371, 0.776634
43, 372, -1
43, 373, 0.397224
43, 374, -1
43, 375, 0.361476
43, 376, -1
43, 377, 0.606985
43, 378, -1
43, 379, -1
43, 380, 0.66506
43, 381, 0.937348
43, 382, -1
43, 383, 0.727558
43, 384, -0.0670475
43, 385, 0.705203
43, 386, 0.839158
43, 387, 0.812377
43, 388, -1
43, 389, -1
43, 390, -1
43, 391, 0.718646
43, 392, -1
43, 393, 0.865956
43, 394, 0.459747
43, 395, 0.34811
43, 396, 0.0177775
43, 397, 0.839142
43, 398, 0.968636
43, 399, 0.924
44, 0, -1
44, 1, 0.856147
44, 2, 0.00406854
44, 3, -1
44, 4, -1
44, 5, -1
44, 6, 0.936439
44, 7, 0.650984
44, 8, 0.793719
44, 9, 0.833864
44, 10, 0.74912
44, 11, -1
44, 12, -1
44, 13, -1
44, 14, 0.762509
44, 15, 0.566205
44, 16, 0.111162
44, 17, 0.311929
44, 18, -1
44, 19, 0.758019
44, 20, 0.954313
44, 21, 0.0799347
44, 22, 0.771447
44, 23, 0.650973
44, 24, -1
44, 25, 0.998926
44, 26, -1
44, 27, -1
44, 28, -1
44, 29, 0.731276
44, 30, -1
44, 31, -1
44, 32, -1
44, 33, 0.178104
44, 34, -1
44, 35, -1
44, 36, -0.219013
44, 37, 0.731332
44, 38, -1
44, 39, 0.998962
44, 40, -0.187774
44, 41, 0.981126
44, 42, 0.914224
44, 43, 0.245039
44, 44, 0.659973
44, 45, 0.512763
44, 46, 0.610907
44, 47, -1
44, 48, -1
44, 49, 0.387854
44, 50, -0.0539003
44, 51, 0.43247
44, 52, -1
44, 53, 0.102273
44, 54, -1
44, 55, -1
44, 56, 0.762595
44, 57, -1
44, 58, -1
44, 59, 0.856277
44, 60, 0.999016
44, 61, -1
44, 62, -1
44, 63, 0.579669
44, 64, 0.905355
44, 65, 0.704622
44, 66, 0.0888993
44, 67, 0.96781
44, 68, 0.673401
44, 69, -1
44, 70, -1
44, 71, 0.486035
44, 72, -1
44, 73, -1
44, 74, -1
44, 75, 0.628803
44, 76, -1
44, 77, -1
44, 78, -1
44, 79, -1
44, 80, -1
44, 81, 0.597585
44, 82, 0.477089
44, 83, -1
44, 84, -1
44, 85, 0.120192
44, 86, -1
44, 87, -1
44, 88, 0.24513
44, 89, -1
44, 90, -1
44, 91, -1
44, 92, -1
44, 93, 0.312064
44, 94, 0.686793
44, 95, -1
44, 96, 0.334336
44, 97, -1
44, 98, 0.793909
44, 99, -1
44, 100, 0.0933925
44, 101, -1
44, 102, 0.544083
44, 103, 0.392349
44, 104, -0.129723
44, 105, 0.495011
44, 106, 0.182641
44, 107, -1
44, 108, 0.441475
44, 109, -1
44, 110, -1
44, 111, -1
44, 112, -1
44, 113, 0.115756
44, 114, -1
44, 115, -1
44, 116, -1
44, 117, -1
44, 118, -0.227894
44, 119, -1
44, 120, 0.178194
44, 121, -1
44, 122, -1
44, 123, 0.624427
44, 124, -0.0761591
44, 125, 0.329911
44, 126, 0.307643
44, 127, 0.517354
44, 128, -1
44, 129, -1
44, 130, -0.0627671
44, 131, 0.401311
44, 132, -1
44, 133, -1
44, 134, -1
44, 135, -1
44, 136, -1
44, 137, 0.13805
44, 138, -1
44, 139, 0.236223
44, 140, 0.749383
44, 141, -1
44, 142, -1
44, 143, -1
44, 144, 0.852006
44, 145, -1
44, 146, -1
44, 147, -1
44, 148, -1
44, 149, -1
44, 150, 0.682478
44, 151, 0.637862
44, 152, -1
44, 153, 0.280902
44, 154, 0.187154
44, 155, 0.54417
44, 156, -1
44, 157, -1
44, 158, -0.0181197
44, 159, 0.69588
44, 160, 0.954657
44, 161, -1
44, 162, -1
44, 163, -1
44, 164, -1
44, 165, -1
44, 166, -1
44, 167, 0.637891
44, 168, 0.615583
44, 169, 0.115769
44, 170, 0.521884
44, 171, -0.0448863
44, 172, -1
44, 173, 0.115773
44, 174, -0.3082
44, 175, -1
44, 176, 0.45492
44, 177, 0.0979259
44, 178, 0.990354
44, 179, -1
44, 180, 0.517437
44, 181, 0.370144
44, 182, 0.401381
44, 183, -1
44, 184, -1
44, 185, -1
44, 186, 0.798557
44, 187, 0.379076
44, 188, -0.312656
44, 189, -1
44, 190, -1
44, 191, 0.222934
44, 192, -0.0180531
44, 193, -1
44, 194, 0.280951
44, 195, 0.106868
44, 196, 0.236287
44, 197, 0.673642
44, 198, 0.972598
44, 199, -1
44, 200, -1
44, 201, 0.816437
44, 202, 0.343396
44, 203, 0.450498
44, 204, -0.0403989
44, 205, -1
44, 206, 0.664735
44, 207, -1
44, 208, -1
44, 209, -1
44, 210, 0.455011
44, 211, -1
44, 212, -1
44, 213, -1
44, 214, -1
44, 215, 0.0577949
44, 216, -1
44, 217, 0.843245
44, 218, 0.914601
44, 219, 0.0979648
44, 220, 0.803051
44, 221, 0.865564
44, 222, -1
44, 223, -0.0180694
44, 224, 0.530895
44, 225, 0.352351
44, 226, 0.575483
44, 227, -1
44, 228, 0.173843
44, 229, 0.142604
44, 230, -1
44, 231, -1
44, 232, -1
44, 233, 0.615698
44, 234, 0.303272
44, 235, 0.405917
44, 236, -1
44, 237, -1
44, 238, 0.120297
44, 239, 0.852178
44, 240, -1
44, 241, -1
44, 242, 0.847762
44, 243, 0.23634
44, 244, 0.0310415
44, 245, 0.642494
44, 246, 0.356842
44, 247, 0.816537
44, 248, -1
44, 249, -1
44, 250, 0.236388
44, 251, -1
44, 252, 0.227464
44, 253, 0.356891
44, 254, -1
44, 255, 0.0042715
44, 256, -1
44, 257, 0.022126
44, 258, 0.709458
44, 259, 0.0221276
44, 260, -1
44, 261, 0.870117
44, 262, -1
44, 263, -1
44, 264, 0.37918
44, 265, 0.834426
44, 266, 0.615715
44, 267, 0.999545
44, 268, 0.629148
44, 269, -1
44, 270, -1
44, 271, 0.356915
44, 272, -1
44, 273, 0.00432626
44, 274, -1
44, 275, 0.74069
44, 276, -1
44, 277, -1
44, 278, -1
44, 279, 0.90586
44, 280, 0.861235
44, 281, 0.794296
44, 282, 0.325647
44, 283, -1
44, 284, -0.214415
44, 285, -1
44, 286, 0.513142
44, 287, -1
44, 288, 0.954971
44, 289, -1
44, 290, 0.548813
44, 291, 0.401532
44, 292, -1
44, 293, 0.196227
44, 294, 0.709528
44, 295, -1
44, 296, -0.299217
44, 297, -1
44, 298, -1
44, 299, -1
44, 300, -1
44, 301, -1
44, 302, 0.937154
44, 303, -1
44, 304, -1
44, 305, 0.682771
44, 306, 0.66488
44, 307, -1
44, 308, -1
44, 309, -1
44, 310, 0.642612
44, 311, 0.557814
44, 312, 0.450698
44, 313, 0.67386
44, 314, -1
44, 315, -1
44, 316, -1
44, 317, 0.713995
44, 318, -1
44, 319, 0.888102
44, 320, 0.910419
44, 321, 0.843475
44, 322, -0.169757
44, 323, 0.941668
44, 324, 0.115916
44, 325, -1
44, 326, -1
44, 327, -0.0581616
44, 328, -1
44, 329, 0.678353
44, 330, 0.343561
44, 331, -1
44, 332, 0.330174
44, 333, -1
44, 334, -1
44, 335, -1
44, 336, 0.705146
44, 337, 0.941702
44, 338, -0.0581537
44, 339, 0.986339
44, 340, -1
44, 341, -1
44, 342, 0.34804
44, 343, -1
44, 344, 0.723015
44, 345, 0.406071
44, 346, 0.459675
44, 347, 0.526629
44, 348, -1
44, 349, -1
44, 350, 0.169505
44, 351, 0.182938
44, 352, 0.187402
44, 353, 0.339168
44, 354, 0.473037
44, 355, -1
44, 356, 0.758707
44, 357, -1
44, 358, 0.589096
44, 359, 0.249861
44, 360, 0.937294
44, 361, 0.879272
44, 362, 0.129344
44, 363, -1
44, 364, -1
44, 365, 0.0400704
44, 366, 0.620396
44, 367, 0.629325
44, 368, -1
44, 369, -1
44, 370, -1
44, 371, 0.607014
44, 372, -1
44, 373, 0.584699
44, 374, 0.910547
44, 375, 0.92394
44, 376, -1
44, 377, 0.272201
44, 378, 0.303449
44, 379, -0.241146
44, 380, 0.499899
44, 381, 0.714161
44, 382, -1
44, 383, -1
44, 384, 0.513297
44, 385, 0.236499
44, 386, -1
44, 387, -1
44, 388, 0.749885
44, 389, 0.0534826
44, 390, -0.187572
44, 391, -0.00901133
44, 392, -1
44, 393, 0.76775
44, 394, 0.651692
44, 395, -1
44, 396, -1
44, 397, -0.218816
44, 398, 0.99988
44, 399, -0.321489
45, 0, -0.0985568
45, 1, -1
45, 2, 0.972106
45, 3, -1
45, 4, 0.940892
45, 5, 0.160228
45, 6, 0.606375
45, 7, -1
45, 8, -1
45, 9, -1
45, 10, 0.374376
45, 11, -0.22349
45, 12, -1
45, 13, 0.387763
45, 14, 0.677718
45, 15, 0.847255
45, 16, 0.92308
45, 17, 0.740171
45, 18, 0.749094
45, 19, 0.936468
45, 20, -1
45, 21, 0.972153
45, 22, 0.909714
45, 23, -1
45, 24, 0.677737
45, 25, -0.0137615
45, 26, -1
45, 27, 0.34317
45, 28, 0.659942
45, 29, -1
45, 30, 0.0978293
45, 31, 0.0130552
45, 32, -1
45, 33, 0.494858
45, 34, -1
45, 35, 0.740247
45, 36, -1
45, 37, -1
45, 38, 0.967736
45, 39, -1
45, 40, -1
45, 41, -1
45, 42, -0.214548
45, 43, -1
45, 44, 0.579635
45, 45, 0.749189
45, 46, 0.146884
45, 47, -1
45, 48, -1
45, 49, -0.0850967
45, 50, -0.210041
45, 51, -1
45, 52, 0.347704
45, 53, 0.468162
45, 54, -1
45, 55, -1
45, 56, -1
45, 57, -1
45, 58, 0.659997
45, 59, 0.668921
45, 60, 0.999013
45, 61, 0.258443
45, 62, 0.999018
45, 63, 0.758147
45, 64, -1
45, 65, 0.378951
45, 66, -0.143136
45, 67, 0.245105
45, 68, 0.472605
45, 69, -1
45, 70, -1
45, 71, -1
45, 72, -1
45, 73, -1
45, 74, 0.423538
45, 75, -1
45, 76, 0.802783
45, 77, 0.776019
45, 78, 0.213844
45, 79, 0.316507
45, 80, 0.731415
45, 81, 0.503855
45, 82, 0.851865
45, 83, -1
45, 84, -1
45, 85, 0.432517
45, 86, -1
45, 87, -1
45, 88, -1
45, 89, 0.767122
45, 90, -1
45, 91, 0.200513
45, 92, -1
45, 93, 0.32991
45, 94, 0.066613
45, 95, 0.222827
45, 96, -0.294847
45, 97, -1
45, 98, 0.99911
45, 99, -1
45, 100, 0.999115
45, 101, -1
45, 102, 0.204946
45, 103, -1
45, 104, -0.0226247
45, 105, 0.374543
45, 106, -1
45, 107, -1
45, 108, 0.87869
45, 109, 0.767163
45, 110, -1
45, 111, -1
45, 112, -1
45, 113, 0.450404
45, 114, -1
45, 115, 0.941161
45, 116, 0.58868
45, 117, -1
45, 118, -1
45, 119, -1
45, 120, -1
45, 121, -1
45, 122, 0.816264
45, 123, 0.646733
45, 124, 0.72258
45, 125, 0.535155
45, 126, -1
45, 127, -1
45, 128, -1
45, 129, -1
45, 130, -1
45, 131, -1
45, 132, -1
45, 133, 0.401312
45, 134, 0.686907
45, 135, 0.624446
45, 136, 0.169325
45, 137, 0.976904
45, 138, 0.999213
45, 139, -1
45, 140, 0.798417
45, 141, 0.99922
45, 142, -1
45, 143, 0.120206
45, 144, -1
45, 145, -1
45, 146, -1
45, 147, 0.785088
45, 148, -1
45, 149, 0.401334
45, 150, 0.686897
45, 151, -1
45, 152, 0.642284
45, 153, 0.312096
45, 154, 0.539704
45, 155, -1
45, 156, 0.370149
45, 157, -1
45, 158, -0.321596
45, 159, 0.727111
45, 160, -1
45, 161, 0.138073
45, 162, 0.981428
45, 163, 0.758311
45, 164, 0.53968
45, 165, 0.69589
45, 166, 0.14254
45, 167, -1
45, 168, -1
45, 169, 0.624507
45, 170, -0.201089
45, 171, -0.027036
45, 172, 0.968069
45, 173, 0.437106
45, 174, 0.548661
45, 175, 0.298737
45, 176, 0.615595
45, 177, -1
45, 178, -1
45, 179, -1
45, 180, -1
45, 181, 0.557557
45, 182, -1
45, 183, -1
45, 184, -1
45, 185, 0.624535
45, 186, 0.147023
45, 187, 0.704856
45, 188, -1
45, 189, 0.303256
45, 190, 0.718208
45, 191, -1
45, 192, 0.999351
45, 193, -1
45, 194, 0.56204
45, 195, -1
45, 196, 0.432636
45, 197, 0.499573
45, 198, 0.999366
45, 199, 0.874436
45, 200, 0.486191
45, 201, -1
45, 202, -1
45, 203, 0.727198
45, 204, 0.512971
45, 205, 0.816444
45, 206, -1
45, 207, -1
45, 208, 0.365756
45, 209, -1
45, 210, 0.0399381
45, 211, 0.423733
45, 212, -1
45, 213, -1
45, 214, 0.753993
45, 215, 0.767381
45, 216, 0.999412
45, 217, -1
45, 218, 0.740574
45, 219, 0.414819
45, 220, 0.977112
45, 221, -1
45, 222, 0.673687
45, 223, 0.347885
45, 224, -1
45, 225, -1
45, 226, 0.227434
45, 227, 0.196196
45, 228, 0.593375
45, 229, -1
45, 230, -1
45, 231, -1
45, 232, -1
45, 233, -1
45, 234, 0.901249
45, 235, 0.463971
45, 236, 0.999463
45, 237, -1
45, 238, 0.999468
45, 239, 0.463937
45, 240, -1
45, 241, 0.72281
45, 242, 0.785287
45, 243, -1
45, 244, -1
45, 245, 0.410433
45, 246, 0.70497
45, 247, -1
45, 248, 0.575559
45, 249, -1
45, 250, 0.0265825
45, 251, -1
45, 252, -1
45, 253, -1
45, 254, 0.892412
45, 255, -1
45, 256, 0.767466
45, 257, -1
45, 258, 0.0935368
45, 259, -1
45, 260, 0.182801
45, 261, 0.16495
45, 262, -1
45, 263, 0.566618
45, 264, 0.347938
45, 265, 0.432776
45, 266, -1
45, 267, -1
45, 268, 0.669311
45, 269, 0.495262
45, 270, -0.0715937
45, 271, 0.289968
45, 272, 0.513119
45, 273, -1
45, 274, 0.642545
45, 275, 0.557712
45, 276, 0.647012
45, 277, 0.285472
45, 278, -1
45, 279, -1
45, 280, 0.763012
45, 281, 0.745163
45, 282, 0.20514
45, 283, 0.629132
45, 284, 0.803186
45, 285, -1
45, 286, -1
45, 287, -1
45, 288, 0.267632
45, 289, 0.410495
45, 290, 0.053396
45, 291, -1
45, 292, -1
45, 293, -1
45, 294, 0.347977
45, 295, 0.423852
45, 296, -1
45, 297, -1
45, 298, 0.821107
45, 299, 0.59796
45, 300, -1
45, 301, -1
45, 302, -1
45, 303, -0.227795
45, 304, -1
45, 305, 0.838975
45, 306, -1
45, 307, 0.468542
45, 308, -1
45, 309, 0.0801933
45, 310, -1
45, 311, 0.562235
45, 312, 0.531035
45, 313, 0.7051
45, 314, 0.999662
45, 315, -1
45, 316, -1
45, 317, -1
45, 318, -1
45, 319, -1
45, 320, 0.660481
45, 321, 0.374792
45, 322, -1
45, 323, 0.718509
45, 324, 0.437324
45, 325, -0.192074
45, 326, -1
45, 327, 0.316776
45, 328, 0.843488
45, 329, -1
45, 330, 0.999703
45, 331, 0.205193
45, 332, -1
45, 333, -1
45, 334, -1
45, 335, -1
45, 336, 0.298973
45, 337, -1
45, 338, 0.781025
45, 339, 0.999726
45, 340, 0.553356
45, 341, -1
45, 342, -1
45, 343, -1
45, 344, 0.78546
45, 345, -1
45, 346, -1
45, 347, -1
45, 348, -1
45, 349, 0.580193
45, 350, 0.401612
45, 351, -1
45, 352, -1
45, 353, 0.946162
45, 354, 0.705139
45, 355, -1
45, 356, -1
45, 357, 0.629305
45, 358, -1
45, 359, 0.97746
45, 360, 0.687296
45, 361, 0.964035
45, 362, -1
45, 363, 0.517685
45, 364, 0.68284
45, 365, 0.0222143
45, 366, 0.267763
45, 367, -1
45, 368, 0.24987
45, 369, 0.678386
45, 370, -0.0670186
45, 371, 0.200813
45, 372, 0.86144
45, 373, 0.428467
45, 374, 0.95518
45, 375, -1
45, 376, 0.973039
45, 377, -1
45, 378, -1
45, 379, 0.937338
45, 380, 0.834636
45, 381, 0.767723
45, 382, 0.928378
45, 383, 0.79451
45, 384, -1
45, 385, -1
45, 386, -1
45, 387, -1
45, 388, 0.1428
45, 389, 0.169584
45, 390, -0.147356
45, 391, 0.263289
45, 392, -0.187572
45, 393, -1
45, 394, -1
45, 395, -1
45, 396, -1
45, 397, 0.423997
45, 398, -1
45, 399, 0.99988
46, 0, -1
46, 1, 0.967641
46, 2, -1
46, 3, 0.940887
46, 4, -1
46, 5, 0.99887
46, 6, 0.998873
46, 7, 0.994415
46, 8, 0.998878
46, 9, -1
46, 10, 0.874003
46, 11, 0.31196
46, 12, 0.543933
46, 13, 0.766964
46, 14, 0.338731
46, 15, -1
46, 16, -1
46, 17, 0.624235
46, 18, 0.253971
46, 19, 0.847262
46, 20, 0.967688
46, 21, 0.869527
46, 22, -1
46, 23, 0.918635
46, 24, -1
46, 25, 0.998921
46, 26, -1
46, 27, 0.954325
46, 28, 0.998929
46, 29, 0.998931
46, 30, 0.998934
46, 31, 0.998937
46, 32, -1
46, 33, -1
46, 34, 0.998944
46, 35, -1
46, 36, 0.998949
46, 37, -1
46, 38, -1
46, 39, -1
46, 40, -1
46, 41, 0.209341
46, 42, 0.847313
46, 43, 0.825013
46, 44, -1
46, 45, 0.865162
46, 46, -1
46, 47, 0.998977
46, 48, -1
46, 49, 0.945459
46, 50, 0.958842
46, 51, 0.998988
46, 52, 0.99899
46, 53, -1
46, 54, 0.998995
46, 55, -1
46, 56, -1
46, 57, -1
46, 58, -1
46, 59, -0.192187
46, 60, 0.999011
46, 61, -0.192226
46, 62, 0.958872
46, 63, 0.999018
46, 64, -1
46, 65, -1
46, 66, -1
46, 67, 0.860751
46, 68, 0.64217
46, 69, 0.985652
46, 70, -1
46, 71, -1
46, 72, -1
46, 73, 0.999044
46, 74, 0.999046
46, 75, -1
46, 76, -1
46, 77, 0.909841
46, 78, -1
46, 79, -1
46, 80, -1
46, 81, -1
46, 82, 0.829559
46, 83, 0.999069
46, 84, 0.972308
46, 85, 0.999075
46, 86, 0.999077
46, 87, 0.762655
46, 88, 0.954475
46, 89, -1
46, 90, 0.999087
46, 91, -1
46, 92, -1
46, 93, -1
46, 94, 0.80728
46, 95, -1
46, 96, -1
46, 97, 0.838513
46, 98, 0.90543
46, 99, -1
46, 100, 0.200481
46, 101, 0.999115
46, 102, 0.936666
46, 103, -1
46, 104, 0.999123
46, 105, -1
46, 106, -1
46, 107, -1
46, 108, -1
46, 109, -1
46, 110, -1
46, 111, 0.967915
46, 112, -1
46, 113, 0.999146
46, 114, -1
46, 115, 0.976846
46, 116, -1
46, 117, 0.463794
46, 118, -0.116288
46, 119, -1
46, 120, 0.30313
46, 121, -1
46, 122, -1
46, 123, -1
46, 124, -1
46, 125, -1
46, 126, -1
46, 127, -1
46, 128, -1
46, 129, -1
46, 130, -1
46, 131, -1
46, 132, -1
46, 133, 0.999197
46, 134, -1
46, 135, -1
46, 136, 0.999205
46, 137, -0.227885
46, 138, -1
46, 139, -1
46, 140, 0.932297
46, 141, 0.138052
46, 142, -1
46, 143, 0.00868292
46, 144, -1
46, 145, -1
46, 146, -1
46, 147, -1
46, 148, -1
46, 149, -1
46, 150, -1
46, 151, -1
46, 152, 0.869865
46, 153, -1
46, 154, 0.999251
46, 155, 0.999253
46, 156, 0.883259
46, 157, 0.669102
46, 158, -0.120724
46, 159, -1
46, 160, -1
46, 161, 0.0890245
46, 162, -1
46, 163, -1
46, 164, -1
46, 165, -1
46, 166, -1
46, 167, -1
46, 168, -1
46, 169, -1
46, 170, -1
46, 171, -1
46, 172, -1
46, 173, -1
46, 174, -1
46, 175, -1
46, 176, -1
46, 177, 0.99931
46, 178, -1
46, 179, -1
46, 180, -1
46, 181, -1
46, 182, -1
46, 183, -1
46, 184, -1
46, 185, -1
46, 186, -1
46, 187, -1
46, 188, -1
46, 189, -1
46, 190, -1
46, 191, -1
46, 192, 0.736098
46, 193, 0.910115
46, 194, 0.977044
46, 195, -1
46, 196, -1
46, 197, -1
46, 198, -1
46, 199, -1
46, 200, 0.200588
46, 201, -1
46, 202, -1
46, 203, -1
46, 204, -1
46, 205, -1
46, 206, -1
46, 207, 0.646884
46, 208, -1
46, 209, -1
46, 210, -1
46, 211, -1
46, 212, -1
46, 213, 0.968168
46, 214, 0.432701
46, 215, -1
46, 216, 0.999409
46, 217, -1
46, 218, -1
46, 219, -1
46, 220, -1
46, 221, -1
46, 222, 0.392509
46, 223, 0.160447
46, 224, -1
46, 225, 0.963736
46, 226, 0.852185
46, 227, 0.910195
46, 228, 0.99944
46, 229, -1
46, 230, -1
46, 231, -1
46, 232, 0.99945
46, 233, -1
46, 234, -1
46, 235, -1
46, 236, -1
46, 237, -1
46, 238, 0.526451
46, 239, -1
46, 240, 0.914688
46, 241, 0.481789
46, 242, 0.999476
46, 243, -1
46, 244, -1
46, 245, -1
46, 246, 0.972712
46, 247, 0.852232
46, 248, 0.999491
46, 249, 0.999494
46, 250, 0.999496
46, 251, -1
46, 252, -1
46, 253, -1
46, 254, 0.954883
46, 255, -1
46, 256, -1
46, 257, -1
46, 258, 0.682678
46, 259, 0.999519
46, 260, 0.803173
46, 261, 0.999524
46, 262, 0.98614
46, 263, 0.999529
46, 264, 0.999532
46, 265, 0.95491
46, 266, 0.9326
46, 267, 0.968302
46, 268, 0.999542
46, 269, -1
46, 270, 0.972772
46, 271, 0.99955
46, 272, 0.950465
46, 273, 0.87014
46, 274, 0.999558
46, 275, -1
46, 276, 0.999563
46, 277, -1
46, 278, 0.999568
46, 279, 0.99957
46, 280, 0.615777
46, 281, 0.834457
46, 282, 0.999578
46, 283, 0.999581
46, 284, 0.999583
46, 285, -1
46, 286, 0.954962
46, 287, 0.905874
46, 288, 0.999593
46, 289, -1
46, 290, -1
46, 291, -1
46, 292, 0.914811
46, 293, 0.705059
46, 294, -1
46, 295, -1
46, 296, 0.968374
46, 297, -1
46, 298, -1
46, 299, -1
46, 300, 0.999624
46, 301, 0.999627
46, 302, -1
46, 303, -1
46, 304, 0.999634
46, 305, 0.999637
46, 306, 0.928233
46, 307, -1
46, 308, 0.972867
46, 309, -1
46, 310, 0.99965
46, 311, -1
46, 312, 0.999655
46, 313, -1
46, 314, 0.914863
46, 315, 0.888088
46, 316, -1
46, 317, 0.937186
46, 318, -1
46, 319, 0.972895
46, 320, 0.968434
46, 321, -1
46, 322, 0.99968
46, 323, 0.914885
46, 324, 0.981833
46, 325, 0.999688
46, 326, 0.999691
46, 327, 0.959525
46, 328, 0.999696
46, 329, -1
46, 330, 0.999701
46, 331, -1
46, 332, 0.999706
46, 333, -1
46, 334, 0.999711
46, 335, 0.99525
46, 336, 0.999716
46, 337, 0.977403
46, 338, 0.999721
46, 339, -1
46, 340, 0.999726
46, 341, -1
46, 342, 0.999731
46, 343, -1
46, 344, 0.999737
46, 345, 0.999739
46, 346, 0.999742
46, 347, 0.999744
46, 348, -1
46, 349, 0.897093
46, 350, -1
46, 351, -1
46, 352, -1
46, 353, 0.932809
46, 354, -1
46, 355, 0.999765
46, 356, -1
46, 357, 0.99977
46, 358, -1
46, 359, 0.999775
46, 360, 0.986387
46, 361, 0.981926
46, 362, 0.946221
46, 363, 0.999785
46, 364, 0.999788
46, 365, -1
46, 366, -1
46, 367, -1
46, 368, 0.763231
46, 369, 0.852504
46, 370, 0.245448
46, 371, -1
46, 372, -0.120585
46, 373, 0.812341
46, 374, 0.852515
46, 375, -1
46, 376, 0.999818
46, 377, 0.999821
46, 378, 0.968578
46, 379, 0.999826
46, 380, 0.937338
46, 381, 0.370407
46, 382, 0.981979
46, 383, -1
46, 384, -1
46, 385, -0.0670489
46, 386, -1
46, 387, 0.50433
46, 388, -1
46, 389, -1
46, 390, -1
46, 391, -1
46, 392, -1
46, 393, -1
46, 394, -1
46, 395, -1
46, 396, 0.99987
46, 397, -1
46, 398, -1
46, 399, 0.374895
47, 0, 0.998855
47, 1, 0.87844
47, 2, -1
47, 3, 0.878445
47, 4, 0.838266
47, 5, 0.869529
47, 6, -1
47, 7, 0.539463
47, 8, 0.530543
47, 9, -1
47, 10, -1
47, 11, 0.584036
47, 12, 0.820483
47, 13, 0.896308
47, 14, -1
47, 15, 0.940913
47, 16, -1
47, 17, 0.722325
47, 18, -1
47, 19, 0.026389
47, 20, 0.998906
47, 21, 0.887406
47, 22, 0.93647
47, 23, -1
47, 24, -1
47, 25, -1
47, 26, -1
47, 27, -1
47, 28, -1
47, 29, -1
47, 30, 0.285173
47, 31, 0.695589
47, 32, -1
47, 33, 0.905235
47, 34, 0.905277
47, 35, -1
47, 36, -1
47, 37, -1
47, 38, -1
47, 39, -1
47, 40, 0.191493
47, 41, -1
47, 42, -0.272561
47, 43, 0.780405
47, 44, 0.628702
47, 45, -0.245784
47, 46, -1
47, 47, -1
47, 48, 0.557373
47, 49, -1
47, 50, 0.0308767
47, 51, -1
47, 52, 0.936543
47, 53, -1
47, 54, -0.174381
47, 55, 0.557385
47, 56, -1
47, 57, 0.499393
47, 58, 0.593079
47, 59, -1
47, 60, 0.999008
47, 61, -1
47, 62, -1
47, 63, 0.17367
47, 64, -1
47, 65, -1
47, 66, 0.356642
47, 67, -1
47, 68, -1
47, 69, 0.053203
47, 70, -1
47, 71, 0.856297
47, 72, -1
47, 73, -1
47, 74, -1
47, 75, -0.111854
47, 76, -1
47, 77, -1
47, 78, 0.780478
47, 79, -1
47, 80, -1
47, 81, -1
47, 82, -1
47, 83, 0.758184
47, 84, -1
47, 85, -1
47, 86, -1
47, 87, -1
47, 88, 0.842952
47, 89, 0.749274
47, 90, 0.735892
47, 91, 0.271861
47, 92, -0.0359821
47, 93, -1
47, 94, -0.0627951
47, 95, -1
47, 96, 0.03988
47, 97, -1
47, 98, -1
47, 99, -1
47, 100, 0.825094
47, 101, -1
47, 102, 0.802834
47, 103, 0.628807
47, 104, -1
47, 105, 0.441426
47, 106, -1
47, 107, -1
47, 108, -1
47, 109, 0.896532
47, 110, -1
47, 111, -1
47, 112, -0.120755
47, 113, -1
47, 114, -1
47, 115, -0.268022
47, 116, -1
47, 117, -0.259136
47, 118, 0.419176
47, 119, -1
47, 120, -1
47, 121, 0.66007
47, 122, 0.941173
47, 123, -1
47, 124, 0.503919
47, 125, -1
47, 126, -1
47, 127, -1
47, 128, -1
47, 129, -1
47, 130, -1
47, 131, -1
47, 132, -1
47, 133, -1
47, 134, -1
47, 135, -1
47, 136, 0.445973
47, 137, -1
47, 138, 0.62891
47, 139, -1
47, 140, 0.999213
47, 141, -1
47, 142, 0.918915
47, 143, -0.0761479
47, 144, -1
47, 145, -1
47, 146, -1
47, 147, 0.749391
47, 148, 0.204994
47, 149, 0.789549
47, 150, -1
47, 151, -1
47, 152, -1
47, 153, -1
47, 154, -1
47, 155, 0.0889778
47, 156, 0.0086523
47, 157, 0.222853
47, 158, 0.722643
47, 159, 0.860956
47, 160, -1
47, 161, 0.91896
47, 162, -1
47, 163, 0.718151
47, 164, -1
47, 165, -1
47, 166, 0.878778
47, 167, -1
47, 168, 0.918977
47, 169, -1
47, 170, -1
47, 171, -0.0582769
47, 172, 0.767289
47, 173, 0.539732
47, 174, 0.187212
47, 175, -1
47, 176, 0.182752
47, 177, 0.62898
47, 178, 0.99931
47, 179, 0.999312
47, 180, 0.280891
47, 181, 0.968086
47, 182, 0.660182
47, 183, 0.646798
47, 184, -1
47, 185, -1
47, 186, -1
47, 187, 0.673618
47, 188, 0.936871
47, 189, 0.05781
47, 190, 0.758362
47, 191, 0.59777
47, 192, 0.316605
47, 193, -1
47, 194, 0.173845
47, 195, 0.695944
47, 196, -1
47, 197, -1
47, 198, 0.602204
47, 199, -1
47, 200, -1
47, 201, 0.173812
47, 202, 0.999371
47, 203, 0.972603
47, 204, -1
47, 205, -1
47, 206, 0.571022
47, 207, 0.932455
47, 208, 0.981539
47, 209, -1
47, 210, 0.0577879
47, 211, -0.022544
47, 212, 0.307745
47, 213, -1
47, 214, 0.263121
47, 215, 0.816461
47, 216, 0.878933
47, 217, 0.682599
47, 218, -1
47, 219, -1
47, 220, -1
47, 221, 0.334492
47, 222, -1
47, 223, 0.687032
47, 224, 0.240778
47, 225, -1
47, 226, -0.178742
47, 227, 0.740628
47, 228, 0.539781
47, 229, 0.182807
47, 230, -1
47, 231, 0.276488
47, 232, -1
47, 233, -0.236761
47, 234, 0.713868
47, 235, -1
47, 236, -1
47, 237, -1
47, 238, 0.999463
47, 239, 0.96823
47, 240, -1
47, 241, -1
47, 242, -1
47, 243, -1
47, 244, -1
47, 245, -1
47, 246, 0.615675
47, 247, 0.803143
47, 248, -1
47, 249, -1
47, 250, -0.165338
47, 251, -1
47, 252, 0.700515
47, 253, 0.597877
47, 254, 0.223
47, 255, -1
47, 256, -1
47, 257, -1
47, 258, 0.892416
47, 259, -0.160869
47, 260, 0.816558
47, 261, 0.43719
47, 262, 0.303303
47, 263, 0.499673
47, 264, -1
47, 265, -1
47, 266, 0.914747
47, 267, -1
47, 268, 0.99954
47, 269, -1
47, 270, 0.173883
47, 271, -0.174212
47, 272, -1
47, 273, -1
47, 274, 0.160498
47, 275, -1
47, 276, 0.647008
47, 277, 0.731803
47, 278, -0.143004
47, 279, 0.490771
47, 280, -1
47, 281, -1
47, 282, 0.414945
47, 283, 0.209643
47, 284, 0.847849
47, 285, 0.54884
47, 286, 0.522064
47, 287, 0.566655
47, 288, 0.88356
47, 289, -1
47, 290, 0.562237
47, 291, -1
47, 292, 0.40157
47, 293, -1
47, 294, 0.307806
47, 295, 0.611339
47, 296, -1
47, 297, 0.776472
47, 298, 0.544398
47, 299, 0.477453
47, 300, 0.879125
47, 301, -1
47, 302, -1
47, 303, -1
47, 304, -1
47, 305, -1
47, 306, 0.298894
47, 307, 0.160572
47, 308, 0.343529
47, 309, 0.821127
47, 310, -1
47, 311, 0.718481
47, 312, -0.044784
47, 313, -1
47, 314, -1
47, 315, -1
47, 316, 0.611375
47, 317, 0.722956
47, 318, 0.18286
47, 319, -1
47, 320, 0.897023
47, 321, 0.995212
47, 322, -1
47, 323, 0.187369
47, 324, 0.490841
47, 325, -1
47, 326, 0.629246
47, 327, 0.901503
47, 328, 0.839021
47, 329, 0.23197
47, 330, 0.370338
47, 331, -1
47, 332, 0.758651
47, 333, 0.41944
47, 334, -1
47, 335, 0.566775
47, 336, -1
47, 337, -1
47, 338, 0.464081
47, 339, 0.781023
47, 340, 0.120432
47, 341, 0.763173
47, 342, -1
47, 343, -1
47, 344, 0.307908
47, 345, -1
47, 346, -1
47, 347, 0.0132703
47, 348, 0.624822
47, 349, 0.0355905
47, 350, 0.999749
47, 351, 0.897095
47, 352, 0.11594
47, 353, 0.348051
47, 354, -1
47, 355, -1
47, 356, 0.227536
47, 357, 0.455223
47, 358, -0.0179672
47, 359, 0.562312
47, 360, -1
47, 361, 0.848021
47, 362, -1
47, 363, -1
47, 364, -1
47, 365, 0.856957
47, 366, -1
47, 367, -1
47, 368, -1
47, 369, 0.37039
47, 370, -1
47, 371, 0.63379
47, 372, -1
47, 373, -0.0447388
47, 374, 0.807877
47, 375, -1
47, 376, -0.0313449
47, 377, 0.477571
47, 378, 0.638266
47, 379, -1
47, 380, -0.209899
47, 381, -1
47, 382, 0.673943
47, 383, 0.209711
47, 384, -1
47, 385, 0.714163
47, 386, -1
47, 387, 0.406165
47, 388, 0.249931
47, 389, -1
47, 390, -1
47, 391, 0.316853
47, 392, -1
47, 393, -1
47, 394, -1
47, 395, 0.196332
47, 396, 0.968621
47, 397, -1
47, 398, 0.999872
47, 399, 0.861497
48, 0, 0.38328
48, 1, 0.762434
48, 2, -1
48, 3, 0.423473
48, 4, 0.842724
48, 5, 0.7268
48, 6, -1
48, 7, 0.99887
48, 8, 0.740147
48, 9, 0.16469
48, 10, 0.994418
48, 11, 0.285149
48, 12, -1
48, 13, 0.106694
48, 14, -1
48, 15, -0.00484792
48, 16, -1
48, 17, 0.940916
48, 18, -1
48, 19, 0.66438
48, 20, 0.744631
48, 21, 0.441303
48, 22, -1
48, 23, 0.700073
48, 24, -1
48, 25, -0.268107
48, 26, -1
48, 27, -1
48, 28, -1
48, 29, 0.936485
48, 30, 0.245019
48, 31, 0.579608
48, 32, -1
48, 33, -1
48, 34, -1
48, 35, 0.0576346
48, 36, -1
48, 37, -1
48, 38, -1
48, 39, -1
48, 40, 0.142413
48, 41, -1
48, 42, 0.869611
48, 43, -1
48, 44, -1
48, 45, 0.972206
48, 46, 0.833936
48, 47, -1
48, 48, 0.454766
48, 49, 0.396771
48, 50, 0.42354
48, 51, -1
48, 52, 0.133542
48, 53, -1
48, 54, 0.289703
48, 55, -1
48, 56, -1
48, 57, 0.775971
48, 58, -1
48, 59, 0.106737
48, 60, -1
48, 61, -1
48, 62, -1
48, 63, -1
48, 64, 0.615352
48, 65, -1
48, 66, 0.548479
48, 67, 0.334294
48, 68, -1
48, 69, -0.0493868
48, 70, -1
48, 71, -1
48, 72, -0.138631
48, 73, -0.0627707
48, 74, -0.143132
48, 75, 0.361074
48, 76, 0.419075
48, 77, -1
48, 78, 0.999052
48, 79, -1
48, 80, 0.941069
48, 81, -0.299318
48, 82, -0.152052
48, 83, 0.637732
48, 84, 0.0398287
48, 85, -1
48, 86, 0.472668
48, 87, -1
48, 88, -0.321629
48, 89, -1
48, 90, 0.155889
48, 91, -0.08511
48, 92, 0.187125
48, 93, -0.178821
48, 94, 0.222823
48, 95, -1
48, 96, -0.000321562
48, 97, -1
48, 98, 0.60653
48, 99, -1
48, 100, -1
48, 101, 0.254024
48, 102, -1
48, 103, 0.21833
48, 104, -1
48, 105, 0.53962
48, 106, 0.611005
48, 107, 0.204949
48, 108, -0.00923675
48, 109, -0.12526
48, 110, -0.223438
48, 111, -1
48, 112, 0.120214
48, 113, -0.0404698
48, 114, 0.196032
48, 115, -1
48, 116, 0.628828
48, 117, -1
48, 118, -0.0895538
48, 119, 0.785023
48, 120, 0.276356
48, 121, -1
48, 122, 0.222813
48, 123, -1
48, 124, -1
48, 125, -1
48, 126, -1
48, 127, -1
48, 128, -1
48, 129, 0.677969
48, 130, 0.883154
48, 131, -1
48, 132, -1
48, 133, -1
48, 134, 0.646747
48, 135, -1
48, 136, -1
48, 137, 0.209443
48, 138, -1
48, 139, -0.143092
48, 140, 0.860911
48, 141, 0.780607
48, 142, -1
48, 143, -0.143089
48, 144, -0.2859
48, 145, 0.557532
48, 146, 0.499489
48, 147, 0.07116
48, 148, 0.271927
48, 149, 0.503996
48, 150, -1
48, 151, -1
48, 152, 0.3701
48, 153, 0.512926
48, 154, 0.923403
48, 155, 0.678018
48, 156, 0.856485
48, 157, -1
48, 158, -1
48, 159, -1
48, 160, 0.847571
48, 161, 0.495051
48, 162, 0.365651
48, 163, 0.42366
48, 164, -1
48, 165, -1
48, 166, 0.686922
48, 167, -1
48, 168, -0.160925
48, 169, -1
48, 170, -1
48, 171, -1
48, 172, 0.276417
48, 173, 0.325505
48, 174, 0.459414
48, 175, 0.584354
48, 176, -1
48, 177, -1
48, 178, -1
48, 179, 0.825305
48, 180, 0.678065
48, 181, 0.169328
48, 182, 0.736074
48, 183, -1
48, 184, -1
48, 185, 0.343369
48, 186, -1
48, 187, 0.628996
48, 188, -1
48, 189, -1
48, 190, -1
48, 191, 0.00872009
48, 192, 0.20504
48, 193, -1
48, 194, 0.521875
48, 195, 0.365694
48, 196, -1
48, 197, 0.758414
48, 198, 0.00868542
48, 199, 0.722682
48, 200, 0.789654
48, 201, -1
48, 202, 0.031003
48, 203, -1
48, 204, 0.575439
48, 205, -1
48, 206, 0.49516
48, 207, 0.370213
48, 208, -1
48, 209, -1
48, 210, -1
48, 211, 0.209564
48, 212, -1
48, 213, 0.0533671
48, 214, -1
48, 215, -0.0537827
48, 216, -1
48, 217, 0.687059
48, 218, 0.530879
48, 219, -1
48, 220, 0.919098
48, 221, 0.870017
48, 222, -1
48, 223, 0.0220946
48, 224, 0.575513
48, 225, 0.231852
48, 226, 0.347885
48, 227, -1
48, 228, 0.272021
48, 229, -1
48, 230, -1
48, 231, -1
48, 232, -1
48, 233, -0.0224875
48, 234, -1
48, 235, 0.557681
48, 236, 0.820966
48, 237, -1
48, 238, 0.825393
48, 239, 0.133684
48, 240, 0.919146
48, 241, 0.691567
48, 242, -1
48, 243, -1
48, 244, -1
48, 245, 0.423817
48, 246, -1
48, 247, -0.227827
48, 248, 0.401508
48, 249, -1
48, 250, -0.165339
48, 251, -1
48, 252, 0.191756
48, 253, 0.0935698
48, 254, 0.294366
48, 255, 0.63354
48, 256, -1
48, 257, -1
48, 258, 0.298834
48, 259, 0.53983
48, 260, 0.745155
48, 261, 0.678218
48, 262, 0.664831
48, 263, 0.740698
48, 264, -1
48, 265, -1
48, 266, 0.294381
48, 267, 0.307811
48, 268, 0.0578779
48, 269, 0.0534156
48, 270, -1
48, 271, 0.164957
48, 272, -1
48, 273, -1
48, 274, 0.807621
48, 275, 0.633576
48, 276, -1
48, 277, 0.428285
48, 278, 0.780893
48, 279, 0.879075
48, 280, 0.15604
48, 281, -1
48, 282, -1
48, 283, 0.85677
48, 284, 0.642558
48, 285, 0.169434
48, 286, 0.209605
48, 287, 0.258741
48, 288, 0.044465
48, 289, 0.401564
48, 290, -0.022484
48, 291, -0.0983617
48, 292, 0.156052
48, 293, -1
48, 294, -1
48, 295, 0.606874
48, 296, 0.499763
48, 297, 0.709526
48, 298, -0.0180144
48, 299, 0.718456
48, 300, 0.0400118
48, 301, 0.700608
48, 302, -1
48, 303, 0.816649
48, 304, -1
48, 305, -1
48, 306, 0.281039
48, 307, -1
48, 308, 0.312325
48, 309, -1
48, 310, 0.406057
48, 311, 0.223062
48, 312, -1
48, 313, 0.718483
48, 314, 0.468548
48, 315, -1
48, 316, -1
48, 317, -1
48, 318, 0.669399
48, 319, 0.531001
48, 320, -1
48, 321, -1
48, 322, 0.620311
48, 323, -1
48, 324, -1
48, 325, -1
48, 326, -1
48, 327, 0.544444
48, 328, -0.0269184
48, 329, -0.0894086
48, 330, -1
48, 331, 0.54445
48, 332, -1
48, 333, -1
48, 334, -1
48, 335, -1
48, 336, -0.330447
48, 337, 0.812259
48, 338, -1
48, 339, 0.879212
48, 340, 0.968479
48, 341, 0.905996
48, 342, 0.566745
48, 343, -1
48, 344, 0.450698
48, 345, 0.133787
48, 346, 0.999737
48, 347, 0.56229
48, 348, -1
48, 349, 0.499804
48, 350, -1
48, 351, -1
48, 352, 0.343585
48, 353, 0.352553
48, 354, -1
48, 355, -1
48, 356, 0.51771
48, 357, -0.00011364
48, 358, -1
48, 359, -0.174201
48, 360, 0.848016
48, 361, -1
48, 362, -1
48, 363, -1
48, 364, -1
48, 365, -0.232228
48, 366, -1
48, 367, 0.611463
48, 368, -1
48, 369, -1
48, 370, -1
48, 371, 0.633788
48, 372, -1
48, 373, 0.388289
48, 374, -0.317038
48, 375, -1
48, 376, 0.607015
48, 377, -1
48, 378, 0.919474
48, 379, -1
48, 380, 0.249881
48, 381, 0.798963
48, 382, -1
48, 383, -1
48, 384, 0.714118
48, 385, -0.0447306
48, 386, 0.107043
48, 387, -0.196504
48, 388, 0.517761
48, 389, -0.214359
48, 390, 0.223109
48, 391, -1
48, 392, 0.352564
48, 393, 0.33471
48, 394, -1
48, 395, 0.669502
48, 396, 0.923981
48, 397, -1
48, 398, 0.897203
48, 399, 0.977553
49, 0, -1
49, 1, -1
49, 2, 0.0263732
49, 3, -1
49, 4, 0.882902
49, 5, 0.967644
49, 6, 0.659854
49, 7, 0.789206
49, 8, 0.940892
49, 9, -1
49, 10, 0.624217
49, 11, -1
49, 12, 0.86954
49, 13, 0.566234
49, 14, -1
49, 15, 0.062078
49, 16, -1
49, 17, 0.0977733
49, 18, 0.909695
49, 19, 0.860636
49, 20, 0.874019
49, 21, -1
49, 22, -1
49, 23, -1
49, 24, 0.967691
49, 25, -1
49, 26, 0.963236
49, 27, -1
49, 28, -1
49, 29, -0.0673054
49, 30, -1
49, 31, -0.0494558
49, 32, 0.463623
49, 33, -1
49, 34, 0.517158
49, 35, -1
49, 36, 0.851753
49, 37, 0.856216
49, 38, 0.972186
49, 39, 0.811576
49, 40, 0.704564
49, 41, -0.290412
49, 42, 0.825004
49, 43, 0.99896
49, 44, -1
49, 45, 0.615317
49, 46, -1
49, 47, -1
49, 48, -1
49, 49, 0.459227
49, 50, 0.0219511
49, 51, 0.597484
49, 52, 0.57076
49, 53, 0.00856748
49, 54, -0.098523
49, 55, -1
49, 56, -0.120833
49, 57, -1
49, 58, -1
49, 59, 0.0174964
49, 60, 0.111199
49, 61, -1
49, 62, 0.633191
49, 63, 0.798286
49, 64, -1
49, 65, 0.387869
49, 66, 0.374445
49, 67, 0.584168
49, 68, 0.526175
49, 69, -0.259161
49, 70, -1
49, 71, -0.27701
49, 72, -1
49, 73, -0.259159
49, 74, 0.561874
49, 75, -1
49, 76, -1
49, 77, 0.709097
49, 78, 0.704638
49, 79, -1
49, 80, 0.771516
49, 81, 0.593075
49, 82, -1
49, 83, -1
49, 84, 0.521699
49, 85, 0.539586
49, 86, -1
49, 87, 0.151423
49, 88, 0.463746
49, 89, -1
49, 90, -1
49, 91, -1
49, 92, -1
49, 93, -0.0583349
49, 94, 0.441448
49, 95, -1
49, 96, 0.396794
49, 97, -1
49, 98, 0.544069
49, 99, -1
49, 100, 0.133547
49, 101, -1
49, 102, -0.00924225
49, 103, 0.544036
49, 104, 0.396805
49, 105, 0.187097
49, 106, 0.222835
49, 107, -1
49, 108, -1
49, 109, 0.999128
49, 110, -0.147573
49, 111, -0.178771
49, 112, 0.454859
49, 113, 0.271925
49, 114, -1
49, 115, 0.097864
49, 116, -0.290377
49, 117, 0.383437
49, 118, -1
49, 119, -1
49, 120, 0.575295
49, 121, -1
49, 122, -1
49, 123, 0.637803
49, 124, 0.628881
49, 125, 0.0800239
49, 126, 0.303174
49, 127, -1
49, 128, -0.152025
49, 129, 0.68685
49, 130, -1
49, 131, 0.454887
49, 132, -1
49, 133, 0.0398694
49, 134, -1
49, 135, 0.579823
49, 136, 0.624441
49, 137, -1
49, 138, -1
49, 139, 0.588753
49, 140, 0.914444
49, 141, 0.829641
49, 142, 0.200523
49, 143, -1
49, 144, -1
49, 145, 0.682459
49, 146, 0.677999
49, 147, 0.240689
49, 148, -1
49, 149, 0.709236
49, 150, 0.597655
49, 151, 0.240693
49, 152, 0.664625
49, 153, -1
49, 154, -1
49, 155, -1
49, 156, 0.0175759
49, 157, 0.81187
49, 158, -1
49, 159, 0.883259
49, 160, -1
49, 161, -1
49, 162, 0.776147
49, 163, -1
49, 164, 0.36119
49, 165, -1
49, 166, 0.753887
49, 167, -1
49, 168, 0.620036
49, 169, -1
49, 170, 0.968054
49, 171, -1
49, 172, 0.713743
49, 173, -1
49, 174, 0.423715
49, 175, 0.713749
49, 176, 0.794064
49, 177, -0.254643
49, 178, -1
49, 179, 0.588821
49, 180, -1
49, 181, 0.767263
49, 182, -0.0538076
49, 183, 0.762845
49, 184, 0.254118
49, 185, -0.0181027
49, 186, 0.490666
49, 187, -1
49, 188, 0.673616
49, 189, -1
49, 190, 0.396964
49, 191, -1
49, 192, -1
49, 193, -1
49, 194, -1
49, 195, -1
49, 196, -1
49, 197, -1
49, 198, -1
49, 199, 0.629015
49, 200, -1
49, 201, 0.936898
49, 202, -1
49, 203, 0.566551
49, 204, 0.437145
49, 205, -1
49, 206, -1
49, 207, -1
49, 208, -1
49, 209, -1
49, 210, 0.521939
49, 211, -1
49, 212, 0.361293
49, 213, -1
49, 214, -1
49, 215, -0.0850247
49, 216, 0.468359
49, 217, -0.107339
49, 218, 0.111348
49, 219, -0.259085
49, 220, 0.205069
49, 221, -1
49, 222, -1
49, 223, -1
49, 224, -1
49, 225, 0.316643
49, 226, -1
49, 227, -1
49, 228, 0.544281
49, 229, -1
49, 230, -1
49, 231, 0.209584
49, 232, -1
49, 233, 0.593336
49, 234, -1
49, 235, -0.0269902
49, 236, 0.459464
49, 237, 0.321121
49, 238, 0.936987
49, 239, 0.557646
49, 240, 0.812048
49, 241, -0.000206855
49, 242, 0.571079
49, 243, -0.165344
49, 244, -1
49, 245, 0.0533536
49, 246, 0.651372
49, 247, 0.736202
49, 248, -1
49, 249, 0.593404
49, 250, 0.428286
49, 251, -1
49, 252, 0.419363
49, 253, -1
49, 254, 0.365771
49, 255, -1
49, 256, -1
49, 257, -1
49, 258, -1
49, 259, -1
49, 260, 0.767426
49, 261, 0.164946
49, 262, 0.0310524
49, 263, -1
49, 264, -1
49, 265, 0.754088
49, 266, 0.276528
49, 267, -1
49, 268, -1
49, 269, 0.37922
49, 270, 0.459555
49, 271, -0.227815
49, 272, -1
49, 273, -0.201033
49, 274, -1
49, 275, 0.722829
49, 276, 0.73626
49, 277, 0.602338
49, 278, -1
49, 279, 0.861222
49, 280, -1
49, 281, -1
49, 282, 0.713958
49, 283, 0.79429
49, 284, 0.60239
49, 285, -1
49, 286, 0.807684
49, 287, -1
49, 288, -1
49, 289, 0.700583
49, 290, -1
49, 291, -0.254585
49, 292, -0.232267
49, 293, 0.58005
49, 294, 0.361361
49, 295, -1
49, 296, -1
49, 297, 0.928204
49, 298, -0.308145
49, 299, -1
49, 300, 0.722878
49, 301, -1
49, 302, 0.999622
49, 303, 0.794332
49, 304, -1
49, 305, 0.879132
49, 306, -1
49, 307, 0.682765
49, 308, -1
49, 309, -1
49, 310, -1
49, 311, -1
49, 312, -1
49, 313, -1
49, 314, -1
49, 315, -1
49, 316, -1
49, 317, 0.455161
49, 318, -0.290281
49, 319, 0.847923
49, 320, 0.874703
49, 321, -0.259034
49, 322, -1
49, 323, 0.45517
49, 324, 0.446204
49, 325, 0.571218
49, 326, -1
49, 327, 0.459639
49, 328, -0.000137543
49, 329, 0.0489628
49, 330, 0.696198
49, 331, -1
49, 332, -1
49, 333, 0.165019
49, 334, 0.562267
49, 335, -1
49, 336, -1
49, 337, 0.821183
49, 338, -1
49, 339, 0.124853
49, 340, 0.874749
49, 341, 0.897027
49, 342, 0.88368
49, 343, 0.633736
49, 344, 0.709615
49, 345, 0.214131
49, 346, 0.705156
49, 347, 0.0043413
49, 348, -1
49, 349, 0.321302
49, 350, -1
49, 351, 0.691775
49, 352, -1
49, 353, -0.0670739
49, 354, 0.647146
49, 355, 0.61144
49, 356, 0.705175
49, 357, 0.758739
49, 358, 0.647113
49, 359, -0.325973
49, 360, 0.99977
49, 361, -1
49, 362, -1
49, 363, -1
49, 364, 0.843559
49, 365, 0.3927
49, 366, -1
49, 367, -1
49, 368, -1
49, 369, -1
49, 370, -1
49, 371, -1
49, 372, 0.553443
49, 373, 0.673963
49, 374, 0.508809
49, 375, -1
49, 376, 0.0891778
49, 377, 0.754316
49, 378, -1
49, 379, 0.66947
49, 380, 0.906086
49, 381, -0.178652
49, 382, 0.593593
49, 383, 0.91502
49, 384, -1
49, 385, -1
49, 386, -1
49, 387, -1
49, 388, -0.142936
49, 389, 0.147261
49, 390, -1
49, 391, -0.0893667
49, 392, -1
49, 393, 0.0936573
49, 394, -1
49, 395, 0.499874
49, 396, 0.812384
49, 397, -1
49, 398, 0.781101
49, 399, -1
50, 0, -1
50, 1, 0.99885
50, 2, -1
50, 3, 0.998855
50, 4, 0.173606
50, 5, 0.905202
50, 6, 0.468043
50, 7, -1
50, 8, 0.726802
50, 9, -0.223493
50, 10, -1
50, 11, -0.196719
50, 12, 0.13346
50, 13, 0.691129
50, 14, -1
50, 15, 0.927526
50, 16, 0.851707
50, 17, -1
50, 18, 0.936453
50, 19, -1
50, 20, -1
50, 21, -1
50, 22, 0.325312
50, 23, -1
50, 24, 0.780319
50, 25, 0.722335
50, 26, -1
50, 27, -0.214559
50, 28, 0.258399
50, 29, 0.419046
50, 30, -1
50, 31, 0.46366
50, 32, 0.182558
50, 33, -1
50, 34, -0.268104
50, 35, -1
50, 36, -1
50, 37, 0.998942
50, 38, 0.865137
50, 39, 0.940964
50, 40, -1
50, 41, -1
50, 42, -1
50, 43, -1
50, 44, 0.847309
50, 45, 0.789324
50, 46, -1
50, 47, -0.0048242
50, 48, -1
50, 49, 0.236156
50, 50, 0.253963
50, 51, 0.499379
50, 52, 0.445846
50, 53, 0.552916
50, 54, 0.682245
50, 55, 0.195967
50, 56, -1
50, 57, 0.909785
50, 58, 0.896406
50, 59, 0.981156
50, 60, 0.909792
50, 61, 0.905334
50, 62, -0.290403
50, 63, -1
50, 64, 0.606467
50, 65, 0.378904
50, 66, -1
50, 67, -1
50, 68, -1
50, 69, 0.365565
50, 70, -0.201148
50, 71, -1
50, 72, 0.508334
50, 73, -1
50, 74, -1
50, 75, 0.102288
50, 76, -1
50, 77, -0.134207
50, 78, 0.909834
50, 79, -1
50, 80, -1
50, 81, -1
50, 82, 0.816167
50, 83, -1
50, 84, 0.615424
50, 85, -1
50, 86, -1
50, 87, 0.312049
50, 88, -1
50, 89, 0.213891
50, 90, -1
50, 91, 0.423595
50, 92, -1
50, 93, -0.263612
50, 94, 0.628826
50, 95, -1
50, 96, 0.633291
50, 97, 0.892036
50, 98, -1
50, 99, 0.972336
50, 100, 0.0175292
50, 101, -1
50, 102, 0.914352
50, 103, 0.552998
50, 104, 0.436999
50, 105, -1
50, 106, -1
50, 107, 0.387924
50, 108, -1
50, 109, 0.303112
50, 110, 0.334387
50, 111, -1
50, 112, -0.0850968
50, 113, -0.0538587
50, 114, -1
50, 115, -1
50, 116, 0.401322
50, 117, -1
50, 118, -1
50, 119, -1
50, 120, 0.918856
50, 121, -1
50, 122, 0.494987
50, 123, -1
50, 124, 0.695802
50, 125, -1
50, 126, 0.236202
50, 127, -1
50, 128, -1
50, 129, -1
50, 130, -1
50, 131, -1
50, 132, 0.0175554
50, 133, -1
50, 134, 0.593204
50, 135, -1
50, 136, 0.392386
50, 137, 0.022022
50, 138, 0.454896
50, 139, -1
50, 140, -1
50, 141, 0.776142
50, 142, -1
50, 143, -0.218958
50, 144, -1
50, 145, -1
50, 146, 0.744881
50, 147, 0.856461
50, 148, -1
50, 149, -1
50, 150, 0.173797
50, 151, -1
50, 152, -1
50, 153, -1
50, 154, -1
50, 155, 0.700323
50, 156, 0.155913
50, 157, -0.223413
50, 158, 0.945714
50, 159, -1
50, 160, 0.869834
50, 161, 0.847569
50, 162, -1
50, 163, 0.459395
50, 164, -0.276965
50, 165, -1
50, 166, -1
50, 167, 0.950198
50, 168, 0.727119
50, 169, 0.570955
50, 170, -1
50, 171, 0.379047
50, 172, -1
50, 173, -1
50, 174, -1
50, 175, -1
50, 176, -1
50, 177, -1
50, 178, -1
50, 179, 0.495075
50, 180, 0.776182
50, 181, 0.785148
50, 182, 0.905618
50, 183, 0.691453
50, 184, 0.722688
50, 185, 0.713766
50, 186, -0.0448797
50, 187, -1
50, 188, -1
50, 189, -1
50, 190, -1
50, 191, 0.432622
50, 192, -1
50, 193, -0.259099
50, 194, -1
50, 195, -1
50, 196, -1
50, 197, -1
50, 198, 0.222935
50, 199, 0.74945
50, 200, -1
50, 201, 0.736068
50, 202, -1
50, 203, -1
50, 204, -1
50, 205, 0.695957
50, 206, 0.530816
50, 207, -1
50, 208, -0.0493263
50, 209, 0.620107
50, 210, 0.334514
50, 211, 0.428228
50, 212, -1
50, 213, -1
50, 214, -1
50, 215, 0.704901
50, 216, -1
50, 217, 0.669206
50, 218, 0.593349
50, 219, -1
50, 220, 0.999409
50, 221, -1
50, 222, 0.325564
50, 223, 0.584433
50, 224, -0.178745
50, 225, 0.941416
50, 226, -1
50, 227, 0.941421
50, 228, -1
50, 229, 0.588905
50, 230, -1
50, 231, -1
50, 232, 0.227395
50, 233, -1
50, 234, -1
50, 235, -1
50, 236, -1
50, 237, 0.414837
50, 238, -1
50, 239, -1
50, 240, -1
50, 241, -1
50, 242, 0.646941
50, 243, -1
50, 244, -1
50, 245, -1
50, 246, 0.691573
50, 247, -1
50, 248, -1
50, 249, -0.214437
50, 250, -1
50, 251, 0.450599
50, 252, 0.70051
50, 253, 0.530891
50, 254, 0.905787
50, 255, -1
50, 256, -1
50, 257, 0.97273
50, 258, 0.160479
50, 259, 0.0801438
50, 260, 0.999512
50, 261, 0.874566
50, 262, -1
50, 263, -1
50, 264, 0.459544
50, 265, 0.151559
50, 266, -1
50, 267, 0.852267
50, 268, -1
50, 269, -1
50, 270, -1
50, 271, 0.196237
50, 272, -0.0760592
50, 273, 0.526501
50, 274, 0.513114
50, 275, -0.0180338
50, 276, -1
50, 277, 0.187277
50, 278, 0.339024
50, 279, 0.81213
50, 280, -1
50, 281, -0.0358825
50, 282, 0.379196
50, 283, 0.205136
50, 284, -1
50, 285, -1
50, 286, -1
50, 287, 0.0667791
50, 288, 0.740745
50, 289, 0.705044
50, 290, 0.343502
50, 291, -1
50, 292, 0.307799
50, 293, 0.61133
50, 294, -1
50, 295, -1
50, 296, -1
50, 297, -1
50, 298, 0.923742
50, 299, 0.673822
50, 300, -1
50, 301, 0.57564
50, 302, 0.642547
50, 303, 0.356909
50, 304, -1
50, 305, -0.308143
50, 306, -1
50, 307, -0.223332
50, 308, 0.722892
50, 309, -1
50, 310, 0.455149
50, 311, 0.298896
50, 312, 0.477428
50, 313, -0.156375
50, 314, 0.499787
50, 315, 0.647074
50, 316, 0.526529
50, 317, -1
50, 318, -1
50, 319, -1
50, 320, 0.580135
50, 321, 0.865777
50, 322, -1
50, 323, 0.187325
50, 324, 0.379253
50, 325, -1
50, 326, -1
50, 327, -1
50, 328, -1
50, 329, -1
50, 330, 0.339131
50, 331, -0.259029
50, 332, 0.0980638
50, 333, -1
50, 334, -1
50, 335, 0.767618
50, 336, 0.165021
50, 337, 0.928298
50, 338, 0.968469
50, 339, -1
50, 340, 0.86582
50, 341, 0.571244
50, 342, -1
50, 343, 0.196273
50, 344, -1
50, 345, 0.861368
50, 346, -1
50, 347, 0.0132679
50, 348, 0.598036
50, 349, -1
50, 350, -0.111714
50, 351, -0.196526
50, 352, -1
50, 353, -1
50, 354, 0.00434611
50, 355, 0.00881066
50, 356, -0.0447536
50, 357, 0.32127
50, 358, 0.946202
50, 359, -1
50, 360, -1
50, 361, 0.580164
50, 362, 0.888187
50, 363, 0.548922
50, 364, 0.343597
50, 365, 0.361453
50, 366, 0.486477
50, 367, 0.571287
50, 368, -1
50, 369, -1
50, 370, 0.370428
50, 371, 0.232054
50, 372, -1
50, 373, 0.990874
50, 374, -1
50, 375, -1
50, 376, 0.182917
50, 377, -1
50, 378, -0.138479
50, 379, 0.946253
50, 380, -1
50, 381, 0.0668621
50, 382, -1
50, 383, 0.508782
50, 384, 0.415044
50, 385, -1
50, 386, -1
50, 387, 0.580249
50, 388, 0.499902
50, 389, 0.321351
50, 390, 0.75434
50, 391, 0.620429
50, 392, -1
50, 393, -1
50, 394, 0.129369
50, 395, 0.8838
50, 396, 0.919512
50, 397, 0.999862
50, 398, 0.477558
50, 399, 0.705257
51, 0, -1
51, 1, -1
51, 2, 0.99885
51, 3, -1
51, 4, 0.204834
51, 5, 0.280677
51, 6, 0.958721
51, 7, 0.994403
51, 8, 0.468085
51, 9, 0.427939
51, 10, 0.82489
51, 11, 0.967654
51, 12, -1
51, 13, 0.967659
51, 14, -1
51, 15, 0.829361
51, 16, -1
51, 17, -1
51, 18, -1
51, 19, 0.905233
51, 20, 0.998896
51, 21, 0.717905
51, 22, 0.998901
51, 23, -1
51, 24, -1
51, 25, -1
51, 26, 0.93647
51, 27, 0.401157
51, 28, 0.338742
51, 29, -1
51, 30, -0.0762302
51, 31, 0.178135
51, 32, 0.481504
51, 33, 0.798218
51, 34, 0.891887
51, 35, 0.668825
51, 36, 0.637602
51, 37, -1
51, 38, -1
51, 39, 0.927581
51, 40, 0.923123
51, 41, 0.998949
51, 42, -1
51, 43, 0.954352
51, 44, -1
51, 45, -1
51, 46, -1
51, 47, -1
51, 48, -1
51, 49, -1
51, 50, -1
51, 51, -1
51, 52, 0.927612
51, 53, 0.182579
51, 54, -1
51, 55, 0.610911
51, 56, 0.334276
51, 57, 0.307509
51, 58, 0.213816
51, 59, -1
51, 60, 0.294128
51, 61, 0.450279
51, 62, 0.945438
51, 63, -1
51, 64, -1
51, 65, -1
51, 66, -0.0985162
51, 67, -1
51, 68, -1
51, 69, 0.865205
51, 70, 0.41018
51, 71, 0.570788
51, 72, -1
51, 73, -1
51, 74, -1
51, 75, -0.0405005
51, 76, -1
51, 77, -1
51, 78, 0.517225
51, 79, -1
51, 80, -1
51, 81, 0.120141
51, 82, -1
51, 83, 0.628804
51, 84, 0.615423
51, 85, -1
51, 86, 0.254003
51, 87, -1
51, 88, -1
51, 89, 0.245123
51, 90, 0.218353
51, 91, 0.566361
51, 92, -1
51, 93, -1
51, 94, 0.022026
51, 95, -1
51, 96, -0.102958
51, 97, -1
51, 98, -1
51, 99, -1
51, 100, 0.280791
51, 101, -1
51, 102, -1
51, 103, 0.0443045
51, 104, 0.695761
51, 105, -0.245755
51, 106, 0.245102
51, 107, 0.249565
51, 108, 0.231759
51, 109, -1
51, 110, 0.303112
51, 111, -0.0448957
51, 112, -1
51, 113, 0.365582
51, 114, -0.0672058
51, 115, 0.365625
51, 116, -1
51, 117, -1
51, 118, -1
51, 119, 0.740363
51, 120, 0.378977
51, 121, 0.914395
51, 122, -1
51, 123, -1
51, 124, -1
51, 125, 0.450413
51, 126, -1
51, 127, 0.0755616
51, 128, 0.691346
51, 129, -1
51, 130, 0.566386
51, 131, -1
51, 132, 0.379033
51, 133, 0.0398677
51, 134, 0.615511
51, 135, 0.2541
51, 136, -1
51, 137, -1
51, 138, -1
51, 139, 0.92336
51, 140, -1
51, 141, 0.271955
51, 142, -1
51, 143, 0.633333
51, 144, -1
51, 145, -0.19214
51, 146, 0.325467
51, 147, 0.468253
51, 148, 0.410289
51, 149, -1
51, 150, -1
51, 151, 0.0488483
51, 152, 0.0845492
51, 153, -1
51, 154, -1
51, 155, -0.120729
51, 156, 0.00864907
51, 157, 0.847558
51, 158, -1
51, 159, -1
51, 160, -1
51, 161, 0.847567
51, 162, -1
51, 163, 0.637871
51, 164, -1
51, 165, 0.566484
51, 166, 0.124684
51, 167, -1
51, 168, 0.664651
51, 169, 0.512907
51, 170, -1
51, 171, 0.155967
51, 172, -1
51, 173, -1
51, 174, -1
51, 175, -1
51, 176, -1
51, 177, 0.615587
51, 178, 0.713711
51, 179, 0.722636
51, 180, 0.905611
51, 181, -1
51, 182, 0.0443719
51, 183, 0.999312
51, 184, 0.182716
51, 185, -1
51, 186, -1
51, 187, 0.54421
51, 188, -1
51, 189, 0.191646
51, 190, 0.227388
51, 191, -1
51, 192, 0.102436
51, 193, 0.312179
51, 194, 0.356764
51, 195, 0.508526
51, 196, -0.147521
51, 197, -1
51, 198, 0.87442
51, 199, -0.25017
51, 200, -1
51, 201, -1
51, 202, -1
51, 203, -1
51, 204, 0.999366
51, 205, 0.370166
51, 206, -0.165367
51, 207, 0.410331
51, 208, -1
51, 209, 0.740584
51, 210, -1
51, 211, 0.272038
51, 212, -1
51, 213, -1
51, 214, -1
51, 215, -1
51, 216, -1
51, 217, 0.272004
51, 218, -1
51, 219, -1
51, 220, 0.740606
51, 221, 0.512989
51, 222, -1
51, 223, 0.62009
51, 224, -1
51, 225, 0.45056
51, 226, 0.0488725
51, 227, 0.651374
51, 228, 0.0399482
51, 229, -1
51, 230, 0.388091
51, 231, 0.0845806
51, 232, 0.597834
51, 233, 0.0444558
51, 234, 0.133716
51, 235, 0.280951
51, 236, -1
51, 237, 0.914669
51, 238, 0.865547
51, 239, 0.67817
51, 240, 0.820928
51, 241, 0.99946
51, 242, 0.695986
51, 243, 0.205092
51, 244, 0.593392
51, 245, 0.602319
51, 246, 0.517531
51, 247, -1
51, 248, -0.0894664
51, 249, -1
51, 250, -1
51, 251, -1
51, 252, -0.0804969
51, 253, 0.254235
51, 254, -1
51, 255, 0.896862
51, 256, -1
51, 257, 0.687089
51, 258, -0.0939228
51, 259, -1
51, 260, 0.874521
51, 261, -1
51, 262, 0.281024
51, 263, 0.160483
51, 264, 0.642516
51, 265, 0.54876
51, 266, 0.941513
51, 267, 0.450581
51, 268, -1
51, 269, -1
51, 270, -1
51, 271, -0.0805239
51, 272, -0.196571
51, 273, -1
51, 274, -1
51, 275, -1
51, 276, 0.86117
51, 277, -1
51, 278, 0.673781
51, 279, 0.731799
51, 280, 0.901383
51, 281, 0.821017
51, 282, 0.289933
51, 283, -1
51, 284, -0.00463753
51, 285, -1
51, 286, -1
51, 287, -1
51, 288, -1
51, 289, -1
51, 290, -1
51, 291, -1
51, 292, 0.77199
51, 293, -1
51, 294, -1
51, 295, 0.437233
51, 296, -1
51, 297, 0.77196
51, 298, -1
51, 299, 0.682706
51, 300, -0.254582
51, 301, 0.0534004
51, 302, -1
51, 303, -1
51, 304, -1
51, 305, 0.888053
51, 306, -1
51, 307, 0.86128
51, 308, -1
51, 309, 0.508704
51, 310, -0.0671061
51, 311, 0.129287
51, 312, -0.151912
51, 313, 0.0534108
51, 314, 0.785425
51, 315, 0.919317
51, 316, -1
51, 317, 0.847873
51, 318, 0.316757
51, 319, -1
51, 320, 0.263199
51, 321, 0.919331
51, 322, -1
51, 323, 0.495296
51, 324, 0.919338
51, 325, -1
51, 326, 0.566754
51, 327, 0.901493
51, 328, 0.267672
51, 329, 0.526549
51, 330, -1
51, 331, 0.423935
51, 332, 0.968452
51, 333, -1
51, 334, 0.781004
51, 335, -1
51, 336, 0.968461
51, 337, 0.669428
51, 338, 0.937224
51, 339, 0.972932
51, 340, 0.999714
51, 341, -1
51, 342, -0.0313737
51, 343, 0.999721
51, 344, -1
51, 345, -1
51, 346, -1
51, 347, 0.709617
51, 348, -0.0447603
51, 349, 0.62928
51, 350, -1
51, 351, 0.29452
51, 352, -0.102786
51, 353, -1
51, 354, -1
51, 355, 0.723023
51, 356, -1
51, 357, 0.580156
51, 358, 0.316807
51, 359, -0.160811
51, 360, 0.856936
51, 361, 0.96406
51, 362, 0.874795
51, 363, 0.781064
51, 364, 0.870336
51, 365, 0.664977
51, 366, 0.0132825
51, 367, -0.0938484
51, 368, -1
51, 369, -1
51, 370, -1
51, 371, 0.508802
51, 372, 0.334679
51, 373, 0.205232
51, 374, 0.187378
51, 375, -1
51, 376, -1
51, 377, -1
51, 378, -1
51, 379, 0.481991
51, 380, -1
51, 381, -1
51, 382, -1
51, 383, -1
51, 384, 0.486503
51, 385, 0.624881
51, 386, 0.651665
51, 387, 0.950734
51, 388, -1
51, 389, -1
51, 390, 0.665063
51, 391, -1
51, 392, -1
51, 393, 0.92843
51, 394, 0.65168
51, 395, 0.937362
51, 396, -1
51, 397, 0.874874
51, 398, 0.77221
51, 399, -1
52, 0, -1
52, 1, 0.856129
52, 2, 0.695564
52, 3, -1
52, 4, 0.967634
52, 5, -1
52, 6, -1
52, 7, -1
52, 8, -1
52, 9, -1
52, 10, 0.967649
52, 11, -1
52, 12, 0.347643
52, 13, 0.642059
52, 14, 0.387755
52, 15, 0.967661
52, 16, 0.244999
52, 17, 0.39222
52, 18, -0.00931056
52, 19, -1
52, 20, 0.998893
52, 21, -1
52, 22, 0.106698
52, 23, 0.998901
52, 24, 0.869521
52, 25, 0.963226
52, 26, -1
52, 27, 0.410118
52, 28, 0.338741
52, 29, 0.499342
52, 30, 0.218286
52, 31, 0.383357
52, 32, -1
52, 33, -1
52, 34, 0.686704
52, 35, -1
52, 36, -1
52, 37, 0.878511
52, 38, 0.392249
52, 39, 0.967721
52, 40, 0.213795
52, 41, -1
52, 42, -1
52, 43, 0.240568
52, 44, 0.450253
52, 45, -0.120842
52, 46, -1
52, 47, 0.182612
52, 48, 0.017485
52, 49, -1
52, 50, -1
52, 51, -1
52, 52, -1
52, 53, -1
52, 54, 0.628751
52, 55, -0.0137436
52, 56, -1
52, 57, 0.793806
52, 58, 0.99899
52, 59, 0.485965
52, 60, -0.111908
52, 61, 0.164739
52, 62, -1
52, 63, 0.936557
52, 64, 0.999006
52, 65, 0.521704
52, 66, -1
52, 67, -1
52, 68, -1
52, 69, -1
52, 70, 0.191559
52, 71, 0.0933988
52, 72, -1
52, 73, -0.254698
52, 74, 0.967808
52, 75, 0.811647
52, 76, 0.909825
52, 77, 0.972276
52, 78, -1
52, 79, 0.999044
52, 80, 0.94994
52, 81, -1
52, 82, 0.927682
52, 83, 0.151376
52, 84, -1
52, 85, -1
52, 86, 0.651074
52, 87, -1
52, 88, -1
52, 89, 0.258467
52, 90, 0.517282
52, 91, -1
52, 92, 0.334361
52, 93, 0.450365
52, 94, -1
52, 95, -1
52, 96, -1
52, 97, -1
52, 98, -1
52, 99, -1
52, 100, -0.0627944
52, 101, -1
52, 102, -1
52, 103, 0.169244
52, 104, -1
52, 105, -1
52, 106, 0.495
52, 107, -1
52, 108, -0.107413
52, 109, 0.129131
52, 110, -0.218977
52, 111, -1
52, 112, 0.820689
52, 113, -1
52, 114, -0.107409
52, 115, 0.611014
52, 116, -1
52, 117, -1
52, 118, -1
52, 119, 0.718095
52, 120, 0.999149
52, 121, 0.240656
52, 122, -1
52, 123, 0.878708
52, 124, 0.807331
52, 125, -1
52, 126, -1
52, 127, -1
52, 128, -1
52, 129, 0.90995
52, 130, -1
52, 131, -1
52, 132, -1
52, 133, -0.107397
52, 134, 0.64674
52, 135, 0.441462
52, 136, -1
52, 137, 0.575319
52, 138, 0.999195
52, 139, 0.660134
52, 140, -1
52, 141, 0.932285
52, 142, 0.196057
52, 143, 0.463824
52, 144, -1
52, 145, 0.106854
52, 146, 0.361162
52, 147, 0.325467
52, 148, 0.499527
52, 149, -1
52, 150, -1
52, 151, -1
52, 152, 0.758314
52, 153, -0.187714
52, 154, 0.923393
52, 155, 0.321015
52, 156, -0.0939931
52, 157, 0.441535
52, 158, 0.0755884
52, 159, 0.588742
52, 160, -1
52, 161, 0.758333
52, 162, 0.535204
52, 163, -1
52, 164, -1
52, 165, -1
52, 166, 0.60218
52, 167, -1
52, 168, -0.245723
52, 169, -1
52, 170, -1
52, 171, 0.94128
52, 172, 0.981436
52, 173, 0.0934523
52, 174, 0.0131255
52, 175, -1
52, 176, -1
52, 177, 0.834215
52, 178, 0.686937
52, 179, 0.727136
52, 180, -1
52, 181, 0.669136
52, 182, 0.660214
52, 183, 0.637905
52, 184, -1
52, 185, -0.218936
52, 186, -1
52, 187, -0.00917785
52, 188, -1
52, 189, -1
52, 190, 0.816396
52, 191, -1
52, 192, 0.651308
52, 193, -1
52, 194, 0.307716
52, 195, -0.0136344
52, 196, -1
52, 197, -1
52, 198, -1
52, 199, 0.718252
52, 200, -1
52, 201, 0.611125
52, 202, -1
52, 203, -1
52, 204, -1
52, 205, -0.294799
52, 206, -1
52, 207, -0.0627174
52, 208, -1
52, 209, 0.852133
52, 210, -1
52, 211, -0.0270108
52, 212, 0.289888
52, 213, -1
52, 214, 0.566565
52, 215, 0.69151
52, 216, 0.0220855
52, 217, -1
52, 218, 0.745062
52, 219, -0.0180787
52, 220, -1
52, 221, 0.579923
52, 222, 0.740608
52, 223, 0.651324
52, 224, 0.642442
52, 225, -1
52, 226, -1
52, 227, -1
52, 228, -1
52, 229, -1
52, 230, 0.780785
52, 231, 0.655801
52, 232, 0.405902
52, 233, 0.401481
52, 234, 0.57102
52, 235, 0.584409
52, 236, -1
52, 237, 0.999448
52, 238, -1
52, 239, 0.579954
52, 240, 0.910212
52, 241, -1
52, 242, 0.816468
52, 243, -1
52, 244, -1
52, 245, 0.999468
52, 246, 0.660332
52, 247, 0.932499
52, 248, -1
52, 249, 0.740662
52, 250, -1
52, 251, -1
52, 252, -1
52, 253, 0.588903
52, 254, -1
52, 255, -1
52, 256, 0.923637
52, 257, 0.704978
52, 258, -1
52, 259, 0.798695
52, 260, -1
52, 261, 0.0444385
52, 262, 0.571067
52, 263, 0.151555
52, 264, -1
52, 265, -1
52, 266, -1
52, 267, -1
52, 268, 0.334545
52, 269, -1
52, 270, -1
52, 271, -1
52, 272, -1
52, 273, -1
52, 274, -0.0983759
52, 275, 0.0489137
52, 276, 0.397078
52, 277, -1
52, 278, -1
52, 279, 0.78535
52, 280, 0.910306
52, 281, -1
52, 282, -1
52, 283, -1
52, 284, -1
52, 285, 0.879079
52, 286, 0.754125
52, 287, 0.843382
52, 288, -1
52, 289, -1
52, 290, 0.535451
52, 291, -1
52, 292, 0.419415
52, 293, 0.374786
52, 294, -0.0403377
52, 295, 0.486366
52, 296, -1
52, 297, 0.655963
52, 298, 0.798778
52, 299, -1
52, 300, 0.941593
52, 301, -1
52, 302, 0.312272
52, 303, 0.691678
52, 304, -1
52, 305, 0.941605
52, 306, 0.33013
52, 307, 0.999627
52, 308, 0.83004
52, 309, -1
52, 310, -1
52, 311, -0.218868
52, 312, -1
52, 313, -1
52, 314, 0.00431241
52, 315, 0.151607
52, 316, -1
52, 317, 0.593516
52, 318, -1
52, 319, 0.22749
52, 320, -0.250109
52, 321, 0.80329
52, 322, 0.865775
52, 323, -1
52, 324, 0.99967
52, 325, -1
52, 326, 0.531005
52, 327, 0.147156
52, 328, 0.102562
52, 329, -1
52, 330, 0.361405
52, 331, -1
52, 332, 0.191796
52, 333, -1
52, 334, -1
52, 335, 0.343558
52, 336, -1
52, 337, 0.629216
52, 338, -1
52, 339, 0.838994
52, 340, 0.972892
52, 341, 0.999714
52, 342, -1
52, 343, 0.856896
52, 344, 0.821192
52, 345, -1
52, 346, -1
52, 347, 0.481982
52, 348, -1
52, 349, -1
52, 350, -1
52, 351, -1
52, 352, -1
52, 353, 0.490918
52, 354, -1
52, 355, 0.758728
52, 356, 0.557875
52, 357, 0.999754
52, 358, -1
52, 359, 0.897102
52, 360, -1
52, 361, 0.941741
52, 362, 0.714108
52, 363, 0.673938
52, 364, 0.606987
52, 365, 0.468618
52, 366, -1
52, 367, 0.464117
52, 368, -1
52, 369, -1
52, 370, -1
52, 371, 0.798933
52, 372, 0.227548
52, 373, -1
52, 374, -1
52, 375, -1
52, 376, -1
52, 377, 0.910535
52, 378, 0.999808
52, 379, -1
52, 380, 0.955178
52, 381, 0.999816
52, 382, 0.923897
52, 383, 0.437359
52, 384, -1
52, 385, 0.821281
52, 386, -1
52, 387, 0.798967
52, 388, 0.624844
52, 389, 0.723088
52, 390, -1
52, 391, 0.812367
52, 392, 0.638242
52, 393, -1
52, 394, -1
52, 395, -1
52, 396, 0.263286
52, 397, -1
52, 398, 0.678428
52, 399, 0.151691
53, 0, 0.878424
53, 1, -1
53, 2, 0.798148
53, 3, 0.316402
53, 4, 0.383279
53, 5, -1
53, 6, 0.740173
53, 7, -1
53, 8, -1
53, 9, -1
53, 10, -1
53, 11, -1
53, 12, -1
53, 13, -1
53, 14, -1
53, 15, -1
53, 16, 0.86062
53, 17, -1
53, 18, 0.588539
53, 19, -1
53, 20, 0.633149
53, 21, 0.691138
53, 22, 0.468103
53, 23, -1
53, 24, -1
53, 25, -1
53, 26, -1
53, 27, -1
53, 28, -1
53, 29, -1
53, 30, -1
53, 31, -1
53, 32, -1
53, 33, -1
53, 34, -1
53, 35, -1
53, 36, -1
53, 37, -1
53, 38, -1
53, 39, -1
53, 40, 0.824991
53, 41, 0.998944
53, 42, -1
53, 43, -1
53, 44, -1
53, 45, -1
53, 46, -1
53, 47, -1
53, 48, -1
53, 49, -1
53, 50, -1
53, 51, 0.936526
53, 52, -1
53, 53, 0.936531
53, 54, -1
53, 55, -1
53, 56, -1
53, 57, -1
53, 58, -1
53, 59, 0.334278
53, 60, 0.651064
53, 61, -1
53, 62, -1
53, 63, -1
53, 64, -1
53, 65, -1
53, 66, 0.789362
53, 67, 0.891959
53, 68, -1
53, 69, 0.999016
53, 70, -1
53, 71, 0.936574
53, 72, -1
53, 73, -1
53, 74, 0.936581
53, 75, 0.936584
53, 76, -1
53, 77, -1
53, 78, -1
53, 79, -1
53, 80, 0.544033
53, 81, -0.183253
53, 82, -1
53, 83, -1
53, 84, 0.90092
53, 85, 0.865236
53, 86, -1
53, 87, -1
53, 88, 0.999064
53, 89, 0.999067
53, 90, 0.999069
53, 91, 0.936622
53, 92, 0.999075
53, 93, -1
53, 94, 0.93663
53, 95, 0.999082
53, 96, 0.561904
53, 97, 0.84742
53, 98, -1
53, 99, -1
53, 100, -1
53, 101, -1
53, 102, 0.958953
53, 103, 0.820667
53, 104, -1
53, 105, 0.999108
53, 106, 0.99911
53, 107, 0.999113
53, 108, -1
53, 109, -1
53, 110, 0.936668
53, 111, 0.936671
53, 112, 0.999126
53, 113, -1
53, 114, 0.999131
53, 115, -1
53, 116, 0.97237
53, 117, -1
53, 118, -1
53, 119, -0.156495
53, 120, 0.869777
53, 121, 0.740404
53, 122, -1
53, 123, 0.869783
53, 124, 0.999156
53, 125, -1
53, 126, -1
53, 127, 0.999164
53, 128, 0.936712
53, 129, -1
53, 130, 0.561961
53, 131, 0.785037
53, 132, 0.825191
53, 133, 0.936724
53, 134, 0.936726
53, 135, 0.999184
53, 136, 0.807355
53, 137, 0.811818
53, 138, -1
53, 139, -1
53, 140, 0.231752
53, 141, 0.92336
53, 142, 0.999202
53, 143, -1
53, 144, -1
53, 145, 0.972443
53, 146, -1
53, 147, 0.883222
53, 148, -1
53, 149, -1
53, 150, -1
53, 151, -1
53, 152, 0.896618
53, 153, -1
53, 154, 0.999233
53, 155, -1
53, 156, 0.999238
53, 157, 0.972473
53, 158, -1
53, 159, -1
53, 160, 0.843098
53, 161, -1
53, 162, -1
53, 163, 0.883259
53, 164, -1
53, 165, -1
53, 166, 0.936804
53, 167, 0.802959
53, 168, -0.187665
53, 169, -1
53, 170, -1
53, 171, 0.865431
53, 172, 0.892203
53, 173, 0.936821
53, 174, 0.999284
53, 175, 0.999287
53, 176, 0.959136
53, 177, 0.968061
53, 178, -1
53, 179, 0.767291
53, 180, 0.999299
53, 181, -1
53, 182, -1
53, 183, -1
53, 184, 0.936847
53, 185, -1
53, 186, -1
53, 187, -1
53, 188, -1
53, 189, -1
53, 190, -1
53, 191, 0.999328
53, 192, -1
53, 193, -1
53, 194, 0.999335
53, 195, 0.999338
53, 196, -1
53, 197, -1
53, 198, -1
53, 199, 0.20062
53, 200, -1
53, 201, 0.838727
53, 202, 0.468373
53, 203, 0.785188
53, 204, 0.896739
53, 205, -1
53, 206, -1
53, 207, -1
53, 208, -1
53, 209, -1
53, 210, -1
53, 211, 0.936912
53, 212, 0.999381
53, 213, 0.936917
53, 214, 0.932458
53, 215, -1
53, 216, 0.963696
53, 217, 0.861073
53, 218, -1
53, 219, -1
53, 220, 0.919086
53, 221, 0.749529
53, 222, 0.713792
53, 223, -1
53, 224, 0.0801498
53, 225, -1
53, 226, -1
53, 227, -1
53, 228, -1
53, 229, -1
53, 230, 0.905724
53, 231, -1
53, 232, 0.789711
53, 233, 0.896806
53, 234, 0.936968
53, 235, 0.963743
53, 236, -1
53, 237, 0.298843
53, 238, -1
53, 239, 0.352358
53, 240, 0.825427
53, 241, -1
53, 242, -1
53, 243, -1
53, 244, -1
53, 245, 0.553227
53, 246, -1
53, 247, 0.97716
53, 248, -1
53, 249, -1
53, 250, -1
53, 251, 0.923622
53, 252, 0.856689
53, 253, -1
53, 254, -1
53, 255, -1
53, 256, -1
53, 257, -1
53, 258, -1
53, 259, -1
53, 260, 0.990579
53, 261, 0.687133
53, 262, -1
53, 263, -1
53, 264, -1
53, 265, 0.660365
53, 266, 0.61574
53, 267, -1
53, 268, -1
53, 269, 0.160527
53, 270, -1
53, 271, -1
53, 272, 0.615751
53, 273, 0.945987
53, 274, -1
53, 275, 0.972767
53, 276, -1
53, 277, 0.142642
53, 278, -1
53, 279, 0.593449
53, 280, -1
53, 281, 0.0935909
53, 282, -1
53, 283, -1
53, 284, 0.763044
53, 285, -1
53, 286, -1
53, 287, 0.638091
53, 288, 0.486353
53, 289, -1
53, 290, 0.937103
53, 291, 0.856777
53, 292, -1
53, 293, 0.999588
53, 294, 0.946039
53, 295, -1
53, 296, 0.727366
53, 297, -1
53, 298, -0.107287
53, 299, -1
53, 300, 0.6158
53, 301, 0.731839
53, 302, -1
53, 303, 0.776472
53, 304, -1
53, 305, -1
53, 306, -1
53, 307, -1
53, 308, 0.946073
53, 309, 0.999629
53, 310, -1
53, 311, -1
53, 312, 0.553337
53, 313, -1
53, 314, 0.84344
53, 315, -1
53, 316, -1
53, 317, -1
53, 318, -1
53, 319, -1
53, 320, 0.897009
53, 321, -1
53, 322, -1
53, 323, -1
53, 324, -1
53, 325, -1
53, 326, -1
53, 327, 0.950582
53, 328, -1
53, 329, 0.99968
53, 330, 0.87918
53, 331, 0.731898
53, 332, -1
53, 333, 0.897039
53, 334, 0.758684
53, 335, -1
53, 336, 0.6114
53, 337, -1
53, 338, -1
53, 339, 0.999706
53, 340, -1
53, 341, -1
53, 342, 0.428411
53, 343, -1
53, 344, -1
53, 345, -1
53, 346, -1
53, 347, -1
53, 348, 0.999729
53, 349, -1
53, 350, 0.80335
53, 351, 0.0400912
53, 352, 0.767647
53, 353, -1
53, 354, -1
53, 355, 0.490919
53, 356, 0.0891962
53, 357, -1
53, 358, -1
53, 359, -1
53, 360, -1
53, 361, -1
53, 362, -1
53, 363, -1
53, 364, -1
53, 365, 0.816772
53, 366, -1
53, 367, 0.999778
53, 368, -1
53, 369, -1
53, 370, 0.843564
53, 371, -1
53, 372, 0.906057
53, 373, -1
53, 374, 0.72752
53, 375, 0.740913
53, 376, 0.807869
53, 377, 0.977486
53, 378, -1
53, 379, 0.504307
53, 380, -1
53, 381, -1
53, 382, 0.482033
53, 383, 0.540023
53, 384, -1
53, 385, 0.830206
53, 386, -1
53, 387, -1
53, 388, 0.999831
53, 389, -1
53, 390, -1
53, 391, -1
53, 392, 0.910568
53, 393, -1
53, 394, -1
53, 395, 0.821301
53, 396, 0.915041
53, 397, -1
53, 398, 0.504337
53, 399, -1
54, 0, 0.998837
54, 1, -1
54, 2, -1
54, 3, -1
54, 4, 0.463574
54, 5, 0.99885
54, 6, 0.584056
54, 7, -0.089594
54, 8, -1
54, 9, 0.169186
54, 10, -0.08513
54, 11, -1
54, 12, -1
54, 13, -1
54, 14, -1
54, 15, 0.280686
54, 16, -1
54, 17, -0.156558
54, 18, -1
54, 19, -1
54, 20, 0.258385
54, 21, 0.87843
54, 22, 0.494827
54, 23, 0.838292
54, 24, 0.936458
54, 25, 0.762511
54, 26, -1
54, 27, -1
54, 28, 0.084434
54, 29, 0.294127
54, 30, -1
54, 31, 0.740221
54, 32, 0.655472
54, 33, 0.25844
54, 34, 0.5618
54, 35, 0.909724
54, 36, -1
54, 37, -1
54, 38, 0.0130132
54, 39, -1
54, 40, 0.0174768
54, 41, 0.998942
54, 42, -1
54, 43, 0.58858
54, 44, 0.601924
54, 45, 0.468096
54, 46, 0.329839
54, 47, 0.829465
54, 48, 0.820546
54, 49, -1
54, 50, 0.842853
54, 51, 0.842855
54, 52, 0.713499
54, 53, -1
54, 54, 0.807177
54, 55, -1
54, 56, 0.740271
54, 57, -1
54, 58, -0.223469
54, 59, -0.16992
54, 60, 0.99899
54, 61, -1
54, 62, 0.972233
54, 63, 0.169201
54, 64, -1
54, 65, 0.905334
54, 66, -1
54, 67, 0.267363
54, 68, -1
54, 69, -1
54, 70, 0.874121
54, 71, -1
54, 72, -1
54, 73, 0.155825
54, 74, -1
54, 75, -1
54, 76, 0.347723
54, 77, -1
54, 78, 0.566294
54, 79, -1
54, 80, -1
54, 81, -1
54, 82, 0.633258
54, 83, 0.646644
54, 84, -1
54, 85, 0.517231
54, 86, -1
54, 87, 0.387892
54, 88, -1
54, 89, 0.767103
54, 90, -1
54, 91, -1
54, 92, -1
54, 93, -0.22341
54, 94, 0.95447
54, 95, 0.722505
54, 96, 0.691279
54, 97, 0.432521
54, 98, -0.0181336
54, 99, -1
54, 100, 0.999092
54, 101, -1
54, 102, -1
54, 103, 0.106773
54, 104, -1
54, 105, -1
54, 106, -1
54, 107, -1
54, 108, -1
54, 109, -1
54, 110, 0.999118
54, 111, 0.526195
54, 112, -1
54, 113, -1
54, 114, 0.611009
54, 115, 0.820691
54, 116, 0.557434
54, 117, -1
54, 118, 0.923302
54, 119, 0.405782
54, 120, 0.785012
54, 121, 0.847431
54, 122, -1
54, 123, -0.138643
54, 124, -1
54, 125, -1
54, 126, -1
54, 127, 0.530723
54, 128, 0.46826
54, 129, 0.874256
54, 130, 0.84303
54, 131, 0.923333
54, 132, -1
54, 133, 0.669042
54, 134, -1
54, 135, -1
54, 136, -1
54, 137, -1
54, 138, 0.749359
54, 139, -1
54, 140, -1
54, 141, 0.396889
54, 142, 0.785018
54, 143, 0.267492
54, 144, -1
54, 145, -1
54, 146, -1
54, 147, -1
54, 148, -1
54, 149, 0.967989
54, 150, 0.847536
54, 151, 0.682461
54, 152, 0.918922
54, 153, 0.789543
54, 154, -1
54, 155, 0.767239
54, 156, 0.825241
54, 157, 0.820782
54, 158, -1
54, 159, 0.825248
54, 160, -1
54, 161, 0.802945
54, 162, -1
54, 163, -1
54, 164, -1
54, 165, -1
54, 166, -1
54, 167, -1
54, 168, 0.820806
54, 169, 0.240748
54, 170, -1
54, 171, 0.802966
54, 172, -1
54, 173, 0.80297
54, 174, 0.959128
54, 175, -1
54, 176, 0.410284
54, 177, -1
54, 178, -1
54, 179, -0.129682
54, 180, 0.767291
54, 181, 0.695903
54, 182, -1
54, 183, -1
54, 184, -1
54, 185, -1
54, 186, 0.0087112
54, 187, -1
54, 188, 0.816388
54, 189, 0.874393
54, 190, 0.749464
54, 191, 0.919015
54, 192, 0.450467
54, 193, 0.26755
54, 194, 0.0265688
54, 195, 0.0399177
54, 196, -1
54, 197, -1
54, 198, 0.151488
54, 199, -1
54, 200, 0.704864
54, 201, 0.655783
54, 202, 0.620088
54, 203, -1
54, 204, -1
54, 205, 0.646866
54, 206, -1
54, 207, 0.303267
54, 208, 0.548702
54, 209, 0.865515
54, 210, -1
54, 211, -1
54, 212, -1
54, 213, 0.12919
54, 214, -1
54, 215, -1
54, 216, -1
54, 217, -1
54, 218, -1
54, 219, 0.231839
54, 220, 0.45497
54, 221, -0.0537827
54, 222, -1
54, 223, 0.901243
54, 224, -1
54, 225, -1
54, 226, -1
54, 227, -1
54, 228, 0.50411
54, 229, 0.374697
54, 230, 0.169372
54, 231, 0.709386
54, 232, -1
54, 233, -1
54, 234, -1
54, 235, 0.321153
54, 236, -1
54, 237, 0.526437
54, 238, 0.887891
54, 239, 0.999448
54, 240, 0.0488819
54, 241, 0.660319
54, 242, 0.682633
54, 243, 0.67367
54, 244, 0.08463
54, 245, 0.602314
54, 246, 0.892372
54, 247, -1
54, 248, 0.218523
54, 249, -1
54, 250, -0.0224791
54, 251, -1
54, 252, -1
54, 253, 0.937012
54, 254, 0.896853
54, 255, -1
54, 256, 0.526467
54, 257, 0.937021
54, 258, -1
54, 259, -1
54, 260, -1
54, 261, 0.727254
54, 262, 0.593377
54, 263, -1
54, 264, -1
54, 265, -1
54, 266, -1
54, 267, -1
54, 268, -1
54, 269, -1
54, 270, -0.0358938
54, 271, -1
54, 272, -1
54, 273, -1
54, 274, 0.54881
54, 275, 0.852276
54, 276, 0.950455
54, 277, 0.896907
54, 278, 0.455056
54, 279, -1
54, 280, -1
54, 281, -1
54, 282, -1
54, 283, -1
54, 284, -1
54, 285, 0.758582
54, 286, -1
54, 287, 0.602387
54, 288, -1
54, 289, -1
54, 290, -1
54, 291, -1
54, 292, 0.937106
54, 293, -1
54, 294, -1
54, 295, -1
54, 296, -1
54, 297, -1
54, 298, 0.785345
54, 299, -1
54, 300, 0.499719
54, 301, -1
54, 302, -1
54, 303, -1
54, 304, -1
54, 305, -1
54, 306, 0.892511
54, 307, -0.272394
54, 308, -1
54, 309, -1
54, 310, -1
54, 311, 0.972855
54, 312, -1
54, 313, -1
54, 314, -1
54, 315, 0.406015
54, 316, 0.937164
54, 317, -1
54, 318, -1
54, 319, -1
54, 320, 0.535456
54, 321, -1
54, 322, -1
54, 323, 0.196288
54, 324, -1
54, 325, -0.151866
54, 326, 0.48641
54, 327, -1
54, 328, -1
54, 329, -1
54, 330, -1
54, 331, -1
54, 332, -1
54, 333, -1
54, 334, -1
54, 335, -1
54, 336, -1
54, 337, 0.165018
54, 338, 0.321282
54, 339, 0.401585
54, 340, 0.236438
54, 341, 0.910445
54, 342, -1
54, 343, 0.803333
54, 344, 0.526608
54, 345, -0.116144
54, 346, -1
54, 347, -0.0625778
54, 348, -1
54, 349, -1
54, 350, 0.593569
54, 351, -1
54, 352, 0.696231
54, 353, 0.0668742
54, 354, 0.00884695
54, 355, 0.352548
54, 356, -1
54, 357, -0.0938573
54, 358, 0.892632
54, 359, -0.0536819
54, 360, 0.830149
54, 361, 0.97298
54, 362, 0.758739
54, 363, -1
54, 364, 0.611447
54, 365, 0.307925
54, 366, -1
54, 367, 0.218653
54, 368, 0.388274
54, 369, 0.584675
54, 370, -1
54, 371, -1
54, 372, 0.26776
54, 373, -1
54, 374, -0.0983095
54, 375, -1
54, 376, -1
54, 377, -1
54, 378, 0.227593
54, 379, 0.995342
54, 380, -1
54, 381, 0.624828
54, 382, 0.70968
54, 383, 0.84359
54, 384, -1
54, 385, -1
54, 386, 0.955188
54, 387, 0.383836
54, 388, 0.508824
54, 389, 0.294563
54, 390, 0.312419
54, 391, 0.812362
54, 392, 0.0445487
54, 393, 0.553469
54, 394, 0.0490144
54, 395, -1
54, 396, 0.249933
54, 397, -1
54, 398, 0.678464
54, 399, 0.142762
55, 0, -1
55, 1, -1
55, 2, 0.356508
55, 3, -1
55, 4, -1
55, 5, 0.833831
55, 6, -0.174414
55, 7, 0.998852
55, 8, -1
55, 9, -1
55, 10, -1
55, 11, -1
55, 12, 0.338676
55, 13, 0.356522
55, 14, 0.53054
55, 15, -1
55, 16, 0.343142
55, 17, -1
55, 18, 0.588495
55, 19, -0.321662
55, 20, 0.940906
55, 21, 0.967668
55, 22, -0.0539288
55, 23, 0.164697
55, 24, 0.0888509
55, 25, 0.887397
55, 26, 0.686643
55, 27, -0.0539252
55, 28, 0.726832
55, 29, 0.427921
55, 30, 0.610819
55, 31, 0.45469
55, 32, -1
55, 33, 0.329821
55, 34, 0.0844386
55, 35, -1
55, 36, 0.998926
55, 37, -1
55, 38, 0.918649
55, 39, -1
55, 40, 0.204869
55, 41, 0.722397
55, 42, -1
55, 43, 0.998944
55, 44, -1
55, 45, 0.731326
55, 46, -1
55, 47, 0.588545
55, 48, 0.0888728
55, 49, 0.535017
55, 50, 0.561824
55, 51, 0.204881
55, 52, -1
55, 53, -1
55, 54, 0.137999
55, 55, 0.0888792
55, 56, 0.838403
55, 57, -1
55, 58, 0.245043
55, 59, 0.847331
55, 60, -1
55, 61, -1
55, 62, 0.0353421
55, 63, -0.0538989
55, 64, -1
55, 65, -1
55, 66, 0.146894
55, 67, 0.267402
55, 68, -1
55, 69, -1
55, 70, 0.673344
55, 71, -1
55, 72, 0.423561
55, 73, -1
55, 74, 0.334334
55, 75, 0.468179
55, 76, -1
55, 77, 0.999031
55, 78, 0.392299
55, 79, 0.825072
55, 80, -1
55, 81, -1
55, 82, -1
55, 83, -1
55, 84, -1
55, 85, -1
55, 86, -1
55, 87, 0.285272
55, 88, -1
55, 89, -1
55, 90, -1
55, 91, 0.338777
55, 92, 0.892013
55, 93, -1
55, 94, -1
55, 95, 0.713581
55, 96, 0.503862
55, 97, -1
55, 98, -1
55, 99, 0.22278
55, 100, 0.262938
55, 101, -1
55, 102, 0.44141
55, 103, -1
55, 104, 0.173704
55, 105, -1
55, 106, -1
55, 107, -1
55, 108, -1
55, 109, 0.320953
55, 110, -0.0984488
55, 111, -1
55, 112, 0.329881
55, 113, 0.486043
55, 114, 0.503931
55, 115, -0.0493984
55, 116, -1
55, 117, -0.0404721
55, 118, -1
55, 119, -1
55, 120, -1
55, 121, 0.0443164
55, 122, 0.441439
55, 123, 0.646715
55, 124, -1
55, 125, -1
55, 126, 0.793945
55, 127, -1
55, 128, -0.165416
55, 129, -1
55, 130, -1
55, 131, 0.553036
55, 132, 0.762729
55, 133, -1
55, 134, 0.352259
55, 135, 0.271944
55, 136, -1
55, 137, -1
55, 138, -1
55, 139, -1
55, 140, -1
55, 141, 0.936738
55, 142, -1
55, 143, 0.646711
55, 144, 0.289762
55, 145, -1
55, 146, 0.365661
55, 147, -0.0538375
55, 148, -1
55, 149, -1
55, 150, 0.704725
55, 151, 0.410247
55, 152, -1
55, 153, -1
55, 154, -1
55, 155, -1
55, 156, -1
55, 157, 0.124672
55, 158, -1
55, 159, 0.490575
55, 160, 0.793977
55, 161, 0.936787
55, 162, 0.182688
55, 163, -1
55, 164, 0.18269
55, 165, -1
55, 166, -1
55, 167, 0.562019
55, 168, -1
55, 169, -1
55, 170, 0.664648
55, 171, -1
55, 172, 0.0533256
55, 173, 0.428167
55, 174, 0.00419769
55, 175, -1
55, 176, 0.976977
55, 177, 0.222866
55, 178, 0.923443
55, 179, -1
55, 180, -0.250182
55, 181, 0.298732
55, 182, -1
55, 183, 0.633438
55, 184, 0.374595
55, 185, -1
55, 186, 0.499581
55, 187, -1
55, 188, 0.254156
55, 189, 0.999317
55, 190, 0.236308
55, 191, -1
55, 192, -1
55, 193, -1
55, 194, 0.410348
55, 195, 0.566528
55, 196, -1
55, 197, 0.0577696
55, 198, -1
55, 199, 0.999343
55, 200, 0.361229
55, 201, -1
55, 202, -1
55, 203, 0.120254
55, 204, 0.9592
55, 205, 0.0934789
55, 206, 0.231864
55, 207, -1
55, 208, 0.968133
55, 209, 0.102408
55, 210, -1
55, 211, -1
55, 212, 0.307735
55, 213, -1
55, 214, 0.218485
55, 215, 0.865526
55, 216, -1
55, 217, -1
55, 218, -1
55, 219, 0.155971
55, 220, 0.843227
55, 221, -1
55, 222, -1
55, 223, 0.999404
55, 224, -1
55, 225, -1
55, 226, 0.481793
55, 227, 0.785234
55, 228, 0.15598
55, 229, 0.039986
55, 230, 0.111394
55, 231, 0.936956
55, 232, 0.22743
55, 233, 0.00870804
55, 234, -1
55, 235, -1
55, 236, -1
55, 237, 0.477307
55, 238, 0.999443
55, 239, 0.820958
55, 240, -1
55, 241, 0.963713
55, 242, 0.999453
55, 243, 0.69598
55, 244, 0.499631
55, 245, 0.571034
55, 246, -1
55, 247, -1
55, 248, 0.0890554
55, 249, 0.00872097
55, 250, -0.209976
55, 251, -1
55, 252, 0.508568
55, 253, 0.5577
55, 254, -1
55, 255, -1
55, 256, 0.29436
55, 257, 0.463949
55, 258, -1
55, 259, 0.771874
55, 260, -1
55, 261, 0.762993
55, 262, -1
55, 263, 0.825472
55, 264, -1
55, 265, -1
55, 266, 0.294413
55, 267, -1
55, 268, 0.597889
55, 269, -1
55, 270, 0.522025
55, 271, 0.0622973
55, 272, 0.0533718
55, 273, 0.0667623
55, 274, 0.557734
55, 275, -1
55, 276, 0.892439
55, 277, -1
55, 278, -1
55, 279, -1
55, 280, 0.495224
55, 281, 0.383651
55, 282, -1
55, 283, 0.789814
55, 284, -1
55, 285, -1
55, 286, -1
55, 287, -1
55, 288, -0.0983685
55, 289, 0.312293
55, 290, -1
55, 291, 0.575574
55, 292, 0.459538
55, 293, -1
55, 294, -1
55, 295, 0.852319
55, 296, -1
55, 297, 0.999593
55, 298, 0.977282
55, 299, 0.812162
55, 300, -1
55, 301, 0.334583
55, 302, -1
55, 303, 0.999609
55, 304, 0.383723
55, 305, -1
55, 306, -0.183163
55, 307, 0.606883
55, 308, -0.174195
55, 309, -0.0581827
55, 310, -1
55, 311, -0.218869
55, 312, 0.472997
55, 313, -1
55, 314, -1
55, 315, 0.780956
55, 316, -1
55, 317, -1
55, 318, -1
55, 319, 0.794313
55, 320, -1
55, 321, -1
55, 322, -1
55, 323, 0.76312
55, 324, 0.187361
55, 325, -1
55, 326, -1
55, 327, -1
55, 328, -1
55, 329, -0.0849095
55, 330, 0.2811
55, 331, -1
55, 332, -1
55, 333, -1
55, 334, 0.383763
55, 335, -1
55, 336, 0.941673
55, 337, -1
55, 338, 0.767614
55, 339, 0.28107
55, 340, 0.838989
55, 341, 0.972927
55, 342, 0.999708
55, 343, -1
55, 344, 0.874744
55, 345, 0.468584
55, 346, -1
55, 347, 0.330219
55, 348, -1
55, 349, -1
55, 350, -1
55, 351, -1
55, 352, 0.968491
55, 353, -1
55, 354, 0.0534428
55, 355, 0.879233
55, 356, 0.214136
55, 357, 0.919407
55, 358, 0.651566
55, 359, 0.73191
55, 360, 0.124867
55, 361, -1
55, 362, 0.486423
55, 363, -0.0492159
55, 364, 0.419513
55, 365, -1
55, 366, -0.102779
55, 367, 0.124874
55, 368, -1
55, 369, -1
55, 370, 0.544503
55, 371, -1
55, 372, 0.830173
55, 373, 0.736401
55, 374, 0.66945
55, 375, -1
55, 376, -1
55, 377, -1
55, 378, 0.821259
55, 379, -1
55, 380, -1
55, 381, 0.687357
55, 382, -1
55, 383, 0.0891787
55, 384, -1
55, 385, 0.642688
55, 386, 0.87484
55, 387, -1
55, 388, -1
55, 389, -1
55, 390, 0.968586
55, 391, 0.357017
55, 392, 0.432903
55, 393, -1
55, 394, 0.93735
55, 395, 0.57575
55, 396, -1
55, 397, -1
55, 398, 0.776625
55, 399, -1
56, 0, -1
56, 1, -0.0941017
56, 2, -1
56, 3, 0.771383
56, 4, 0.967624
56, 5, 0.601853
56, 6, -1
56, 7, -1
56, 8, 0.789234
56, 9, 0.793696
56, 10, -1
56, 11, 0.414511
56, 12, -1
56, 13, -1
56, 14, -1
56, 15, -0.174409
56, 16, 0.0397642
56, 17, -1
56, 18, 0.682165
56, 19, 0.0219197
56, 20, -0.250264
56, 21, -1
56, 22, 0.650949
56, 23, 0.856169
56, 24, 0.847251
56, 25, -1
56, 26, -1
56, 27, 0.847257
56, 28, -1
56, 29, 0.615317
56, 30, 0.499337
56, 31, 0.561791
56, 32, -1
56, 33, -1
56, 34, -1
56, 35, -0.0673061
56, 36, -1
56, 37, -1
56, 38, 0.182558
56, 39, -1
56, 40, 0.677746
56, 41, -0.326116
56, 42, 0.67333
56, 43, 0.824991
56, 44, -1
56, 45, 0.793772
56, 46, -1
56, 47, 0.775894
56, 48, 0.204876
56, 49, -1
56, 50, -1
56, 51, 0.419069
56, 52, -0.0762182
56, 53, -1
56, 54, 0.833936
56, 55, -0.241321
56, 56, 0.499337
56, 57, 0.691201
56, 58, -1
56, 59, 0.96776
56, 60, -1
56, 61, 0.851794
56, 62, -1
56, 63, 0.749203
56, 64, 0.998995
56, 65, 0.824999
56, 66, 0.316437
56, 67, -1
56, 68, -0.0672825
56, 69, 0.218284
56, 70, -1
56, 71, -1
56, 72, 0.539513
56, 73, 0.856281
56, 74, 0.566324
56, 75, 0.535097
56, 76, -1
56, 77, 0.682317
56, 78, -1
56, 79, 0.548487
56, 80, -1
56, 81, 0.642175
56, 82, 0.784928
56, 83, 0.477072
56, 84, -1
56, 85, -1
56, 86, 0.477117
56, 87, 0.660031
56, 88, 0.695721
56, 89, -1
56, 90, 0.686763
56, 91, 0.704649
56, 92, -1
56, 93, 0.709114
56, 94, 0.557394
56, 95, 0.615433
56, 96, -1
56, 97, 0.677894
56, 98, 0.610937
56, 99, 0.829574
56, 100, -1
56, 101, 0.932138
56, 102, 0.825119
56, 103, 0.999095
56, 104, -1
56, 105, 0.218324
56, 106, -1
56, 107, -1
56, 108, -1
56, 109, -1
56, 110, 0.575307
56, 111, -1
56, 112, -1
56, 113, -1
56, 114, 0.793918
56, 115, -0.24129
56, 116, 0.838533
56, 117, 0.0220006
56, 118, -1
56, 119, -1
56, 120, -0.236825
56, 121, 0.410204
56, 122, 0.999144
56, 123, -1
56, 124, -1
56, 125, 0.619907
56, 126, -1
56, 127, -1
56, 128, -1
56, 129, -1
56, 130, -1
56, 131, -1
56, 132, -1
56, 133, 0.901028
56, 134, -1
56, 135, 0.12465
56, 136, -1
56, 137, -0.0359954
56, 138, -1
56, 139, -1
56, 140, 0.718088
56, 141, -1
56, 142, -0.102931
56, 143, 0.325457
56, 144, 0.173744
56, 145, 0.387928
56, 146, 0.428127
56, 147, 0.512904
56, 148, -1
56, 149, 0.64672
56, 150, 0.677994
56, 151, -1
56, 152, -1
56, 153, 0.624459
56, 154, -0.129699
56, 155, 0.557536
56, 156, -1
56, 157, 0.923391
56, 158, -1
56, 159, -1
56, 160, 0.138061
56, 161, -1
56, 162, -1
56, 163, 0.499503
56, 164, 0.731561
56, 165, -1
56, 166, 0.258592
56, 167, 0.146993
56, 168, -1
56, 169, 0.437084
56, 170, 0.102371
56, 171, 0.566486
56, 172, 0.285373
56, 173, 0.557565
56, 174, 0.553105
56, 175, -1
56, 176, -1
56, 177, 0.968054
56, 178, 0.918979
56, 179, -1
56, 180, -1
56, 181, 0.860945
56, 182, -1
56, 183, -1
56, 184, -1
56, 185, -0.281421
56, 186, 0.611132
56, 187, -1
56, 188, 0.628983
56, 189, 0.499544
56, 190, -1
56, 191, -1
56, 192, 0.633412
56, 193, -1
56, 194, -0.0270268
56, 195, -1
56, 196, 0.713776
56, 197, -1
56, 198, 0.771745
56, 199, 0.99934
56, 200, 0.780673
56, 201, -1
56, 202, -1
56, 203, 0.057774
56, 204, 0.660247
56, 205, -1
56, 206, -1
56, 207, -1
56, 208, -1
56, 209, 0.405905
56, 210, -1
56, 211, -1
56, 212, -1
56, 213, -1
56, 214, 0.678114
56, 215, -1
56, 216, 0.0800996
56, 217, -0.00469449
56, 218, 0.852144
56, 219, -1
56, 220, 0.999394
56, 221, 0.700438
56, 222, -1
56, 223, -0.0984132
56, 224, 0.365722
56, 225, 0.539802
56, 226, 0.365725
56, 227, -0.201063
56, 228, 0.379115
56, 229, 0.280978
56, 230, -0.201061
56, 231, -1
56, 232, 0.584438
56, 233, 0.664763
56, 234, -1
56, 235, 0.530853
56, 236, 0.263136
56, 237, -1
56, 238, -1
56, 239, 0.968208
56, 240, -1
56, 241, -1
56, 242, 0.231862
56, 243, -1
56, 244, -0.134105
56, 245, -1
56, 246, -1
56, 247, 0.0265709
56, 248, -0.294781
56, 249, -1
56, 250, -1
56, 251, -1
56, 252, 0.72277
56, 253, -1
56, 254, -1
56, 255, -1
56, 256, 0.339028
56, 257, 0.838844
56, 258, 0.999491
56, 259, -1
56, 260, 0.995034
56, 261, 0.696053
56, 262, -1
56, 263, 0.5666
56, 264, -1
56, 265, -1
56, 266, 0.557719
56, 267, -1
56, 268, 0.486318
56, 269, -1
56, 270, 0.272061
56, 271, 0.59343
56, 272, -1
56, 273, -1
56, 274, 0.94152
56, 275, 0.222973
56, 276, -1
56, 277, 0.700546
56, 278, 0.870129
56, 279, 0.200662
56, 280, 0.316703
56, 281, 0.812121
56, 282, 0.468448
56, 283, -1
56, 284, 0.428324
56, 285, -1
56, 286, -1
56, 287, -1
56, 288, 0.602385
56, 289, 0.401553
56, 290, 0.495278
56, 291, -1
56, 292, -1
56, 293, 0.660411
56, 294, 0.12038
56, 295, 0.187289
56, 296, -1
56, 297, -0.0938996
56, 298, -1
56, 299, 0.526493
56, 300, 0.129272
56, 301, -1
56, 302, -1
56, 303, 0.080178
56, 304, 0.896965
56, 305, 0.477449
56, 306, 0.597953
56, 307, -1
56, 308, -1
56, 309, 0.178377
56, 310, -1
56, 311, 0.455142
56, 312, -0.201015
56, 313, 0.352491
56, 314, -0.142987
56, 315, -1
56, 316, 0.124824
56, 317, -1
56, 318, 0.660417
56, 319, 0.97287
56, 320, -1
56, 321, -1
56, 322, -1
56, 323, -1
56, 324, 0.477477
56, 325, 0.249809
56, 326, -1
56, 327, 0.312339
56, 328, -1
56, 329, 0.267707
56, 330, -1
56, 331, -1
56, 332, -1
56, 333, -0.0670932
56, 334, -1
56, 335, 0.490884
56, 336, -1
56, 337, 0.196261
56, 338, 0.90597
56, 339, -1
56, 340, -1
56, 341, 0.785471
56, 342, -0.0403048
56, 343, -1
56, 344, 0.307856
56, 345, 0.513216
56, 346, -1
56, 347, -1
56, 348, -1
56, 349, -0.218809
56, 350, -0.0982868
56, 351, -1
56, 352, -1
56, 353, 0.562327
56, 354, 0.999737
56, 355, 0.571217
56, 356, 0.249844
56, 357, 0.303409
56, 358, 0.656028
56, 359, 0.356974
56, 360, -1
56, 361, 0.892634
56, 362, 0.93727
56, 363, 0.651614
56, 364, -1
56, 365, 0.2811
56, 366, -0.0358231
56, 367, -1
56, 368, 0.687331
56, 369, -1
56, 370, 0.73197
56, 371, 0.473085
56, 372, 0.807854
56, 373, -1
56, 374, -1
56, 375, -1
56, 376, -1
56, 377, -1
56, 378, -1
56, 379, 0.325754
56, 380, 0.999803
56, 381, 0.839118
56, 382, 0.736417
56, 383, -0.0492019
56, 384, 0.477528
56, 385, 0.0579326
56, 386, -1
56, 387, -1
56, 388, 0.499853
56, 389, 0.0624
56, 390, -1
56, 391, 0.79004
56, 392, 0.642739
56, 393, -1
56, 394, 0.303454
56, 395, 0.857004
56, 396, -1
56, 397, 0.857008
56, 398, 0.874865
56, 399, -1
57, 0, 0.731233
57, 1, 0.735655
57, 2, 0.771338
57, 3, 0.641992
57, 4, 0.914103
57, 5, 0.713361
57, 6, 0.967626
57, 7, -1
57, 8, -0.0940976
57, 9, 0.936415
57, 10, 0.931957
57, 11, -1
57, 12, 0.427894
57, 13, -1
57, 14, 0.222684
57, 15, -1
57, 16, -1
57, 17, 0.615254
57, 18, 0.967656
57, 19, 0.967659
57, 20, -1
57, 21, -1
57, 22, 0.642026
57, 23, 0.717897
57, 24, 0.936451
57, 25, 0.967673
57, 26, 0.441297
57, 27, 0.490409
57, 28, 0.311927
57, 29, -1
57, 30, 0.673265
57, 31, -1
57, 32, 0.463651
57, 33, -1
57, 34, 0.361008
57, 35, 0.64209
57, 36, 0.0620894
57, 37, -1
57, 38, 0.878502
57, 39, 0.753613
57, 40, 0.735773
57, 41, -1
57, 42, 0.847289
57, 43, -1
57, 44, -1
57, 45, -1
57, 46, -1
57, 47, -0.0405258
57, 48, 0.459174
57, 49, 0.651037
57, 50, -1
57, 51, -1
57, 52, 0.450257
57, 53, 0.38334
57, 54, -1
57, 55, -1
57, 56, -1
57, 57, 0.530565
57, 58, -1
57, 59, 0.87851
57, 60, 0.998983
57, 61, -1
57, 62, 0.624255
57, 63, 0.066575
57, 64, 0.445813
57, 65, -1
57, 66, 0.526159
57, 67, 0.410167
57, 68, -1
57, 69, 0.0621183
57, 70, -0.277015
57, 71, 0.526167
57, 72, 0.521707
57, 73, -1
57, 74, 0.722458
57, 75, -1
57, 76, -1
57, 77, 0.775954
57, 78, 0.142442
57, 79, 0.60198
57, 80, 0.427991
57, 81, -0.134209
57, 82, 0.976736
57, 83, -1
57, 84, 0.83846
57, 85, 0.427998
57, 86, 0.561881
57, 87, -1
57, 88, -1
57, 89, 0.285232
57, 90, 0.637729
57, 91, 0.615424
57, 92, 0.762643
57, 93, -1
57, 94, -1
57, 95, -1
57, 96, 0.9054
57, 97, -1
57, 98, 0.691277
57, 99, 0.77604
57, 100, 0.276322
57, 101, 0.307555
57, 102, 0.0978445
57, 103, -1
57, 104, -1
57, 105, -0.129731
57, 106, -1
57, 107, -0.285922
57, 108, 0.477149
57, 109, 0.682336
57, 110, -1
57, 111, -1
57, 112, -1
57, 113, 0.410232
57, 114, 0.361154
57, 115, 0.23172
57, 116, -1
57, 117, 0.459316
57, 118, 0.820691
57, 119, -1
57, 120, -1
57, 121, -1
57, 122, -1
57, 123, 0.651172
57, 124, 0.441479
57, 125, -1
57, 126, 0.294241
57, 127, 0.276394
57, 128, 0.602105
57, 129, 0.602066
57, 130, 0.816216
57, 131, -1
57, 132, -1
57, 133, -1
57, 134, 0.450418
57, 135, -1
57, 136, -1
57, 137, 0.78058
57, 138, 0.334373
57, 139, -1
57, 140, -0.143097
57, 141, -1
57, 142, 0.798436
57, 143, -1
57, 144, 0.26749
57, 145, 0.218407
57, 146, -1
57, 147, -1
57, 148, -1
57, 149, -1
57, 150, -1
57, 151, -1
57, 152, 0.851995
57, 153, -1
57, 154, -1
57, 155, 0.999225
57, 156, -1
57, 157, 0.36117
57, 158, -0.0181298
57, 159, -1
57, 160, -1
57, 161, 0.8074
57, 162, -1
57, 163, 0.499542
57, 164, 0.267513
57, 165, -0.107379
57, 166, 0.530781
57, 167, -1
57, 168, 0.111293
57, 169, -1
57, 170, 0.941265
57, 171, -0.0895235
57, 172, -0.138614
57, 173, 0.731576
57, 174, -1
57, 175, -1
57, 176, -1
57, 177, -0.107371
57, 178, 0.615578
57, 179, 0.588767
57, 180, -0.294813
57, 181, -1
57, 182, -0.0493506
57, 183, 0.330008
57, 184, -0.0359608
57, 185, 0.0443694
57, 186, 0.240724
57, 187, -1
57, 188, -1
57, 189, 0.655715
57, 190, -1
57, 191, -1
57, 192, 0.0131361
57, 193, -1
57, 194, -1
57, 195, -1
57, 196, 0.370146
57, 197, 0.660232
57, 198, -1
57, 199, 0.753938
57, 200, 0.695934
57, 201, 0.361228
57, 202, 0.629006
57, 203, 0.178307
57, 204, -1
57, 205, -1
57, 206, 0.789648
57, 207, -1
57, 208, -1
57, 209, 0.57101
57, 210, 0.75396
57, 211, -0.107348
57, 212, 0.535317
57, 213, -1
57, 214, 0.129188
57, 215, 0.584407
57, 216, 0.361248
57, 217, 0.325549
57, 218, -1
57, 219, 0.0577871
57, 220, -1
57, 221, -1
57, 222, -1
57, 223, 0.178287
57, 224, 0.807535
57, 225, -1
57, 226, 0.44605
57, 227, -1
57, 228, 0.428243
57, 229, -1
57, 230, 0.646906
57, 231, -0.178745
57, 232, -1
57, 233, 0.745082
57, 234, 0.334496
57, 235, -1
57, 236, -0.232301
57, 237, -1
57, 238, -1
57, 239, -0.00914094
57, 240, 0.968208
57, 241, 0.923589
57, 242, 0.392561
57, 243, -1
57, 244, 0.557681
57, 245, -1
57, 246, -1
57, 247, -1
57, 248, 0.164924
57, 249, -1
57, 250, 0.64244
57, 251, 0.111412
57, 252, -1
57, 253, 0.441667
57, 254, -1
57, 255, 0.182824
57, 256, 0.388118
57, 257, 0.513076
57, 258, 0.539854
57, 259, 0.575516
57, 260, -0.241215
57, 261, 0.597873
57, 262, -1
57, 263, -1
57, 264, -1
57, 265, 0.263128
57, 266, -1
57, 267, 0.0489026
57, 268, 0.651398
57, 269, -1
57, 270, -1
57, 271, -1
57, 272, 0.580042
57, 273, 0.298841
57, 274, -1
57, 275, 0.281032
57, 276, 0.486329
57, 277, -0.0849873
57, 278, -1
57, 279, -1
57, 280, -1
57, 281, -1
57, 282, 0.472909
57, 283, -1
57, 284, 0.468489
57, 285, 0.464028
57, 286, 0.406011
57, 287, 0.356919
57, 288, -1
57, 289, 0.356921
57, 290, -1
57, 291, -0.263517
57, 292, -1
57, 293, -1
57, 294, -1
57, 295, 0.365855
57, 296, -1
57, 297, -1
57, 298, -1
57, 299, 0.709512
57, 300, -1
57, 301, -1
57, 302, 0.705055
57, 303, 0.713983
57, 304, 0.231931
57, 305, -1
57, 306, -1
57, 307, -1
57, 308, -1
57, 309, -1
57, 310, 0.874662
57, 311, 0.611349
57, 312, -1
57, 313, 0.388155
57, 314, 0.316785
57, 315, 0.44622
57, 316, -1
57, 317, 0.187312
57, 318, 0.647026
57, 319, 0.205167
57, 320, -1
57, 321, 0.156072
57, 322, 0.664926
57, 323, 0.316756
57, 324, -0.0849547
57, 325, -1
57, 326, -1
57, 327, 0.776514
57, 328, -1
57, 329, -1
57, 330, 0.517614
57, 331, -1
57, 332, -1
57, 333, -1
57, 334, 0.441784
57, 335, -1
57, 336, -1
57, 337, -1
57, 338, -1
57, 339, 0.999696
57, 340, 0.874731
57, 341, -1
57, 342, -1
57, 343, 0.544455
57, 344, -1
57, 345, 0.937227
57, 346, 0.548923
57, 347, -1
57, 348, -1
57, 349, 0.138246
57, 350, 0.0623649
57, 351, -1
57, 352, 0.294474
57, 353, -1
57, 354, 0.0757594
57, 355, -1
57, 356, -1
57, 357, 0.450704
57, 358, 0.946185
57, 359, -1
57, 360, 0.722981
57, 361, -1
57, 362, -1
57, 363, -1
57, 364, -1
57, 365, 0.848007
57, 366, -0.013505
57, 367, -1
57, 368, -0.330437
57, 369, -1
57, 370, 0.410551
57, 371, -1
57, 372, -1
57, 373, 0.749828
57, 374, -1
57, 375, -1
57, 376, -1
57, 377, 0.973012
57, 378, -1
57, 379, -0.299184
57, 380, -1
57, 381, 0.281118
57, 382, 0.160597
57, 383, 0.999808
57, 384, 0.870327
57, 385, -1
57, 386, 0.767709
57, 387, -0.0402719
57, 388, -0.25454
57, 389, -1
57, 390, 0.348086
57, 391, 0.584707
57, 392, -1
57, 393, 0.740901
57, 394, 0.656132
57, 395, -1
57, 396, -1
57, 397, -0.254536
57, 398, -1
57, 399, 0.120439
58, 0, -1
58, 1, -1
58, 2, 0.151289
58, 3, -1
58, 4, 0.155752
58, 5, 0.169137
58, 6, 0.530482
58, 7, 0.940867
58, 8, -1
58, 9, -0.0851737
58, 10, 0.851675
58, 11, 0.227141
58, 12, 0.762477
58, 13, -1
58, 14, 0.873985
58, 15, -0.116403
58, 16, -1
58, 17, 0.0174547
58, 18, 0.561726
58, 19, 0.356526
58, 20, 0.998878
58, 21, -0.290426
58, 22, -1
58, 23, -1
58, 24, 0.615305
58, 25, 0.584082
58, 26, 0.740203
58, 27, 0.285197
58, 28, -1
58, 29, -1
58, 30, -1
58, 31, -1
58, 32, 0.374428
58, 33, -0.285958
58, 34, -1
58, 35, -0.0539215
58, 36, -1
58, 37, 0.762528
58, 38, 0.811595
58, 39, -1
58, 40, -0.174396
58, 41, 0.735732
58, 42, -1
58, 43, 0.575191
58, 44, 0.169177
58, 45, -1
58, 46, -1
58, 47, 0.06656
58, 48, -0.210089
58, 49, -0.120843
58, 50, 0.289686
58, 51, -1
58, 52, 0.468141
58, 53, 0.182571
58, 54, 0.477066
58, 55, -1
58, 56, 0.124572
58, 57, 0.187037
58, 58, -1
58, 59, -1
58, 60, 0.967758
58, 61, -1
58, 62, -1
58, 63, 0.584106
58, 64, 0.133503
58, 65, -0.156531
58, 66, 0.129084
58, 67, -1
58, 68, -1
58, 69, 0.227205
58, 70, -1
58, 71, -1
58, 72, -1
58, 73, -1
58, 74, -1
58, 75, 0.932111
58, 76, -1
58, 77, -1
58, 78, 0.606478
58, 79, 0.517215
58, 80, 0.267373
58, 81, -1
58, 82, 0.4503
58, 83, -1
58, 84, 0.713554
58, 85, -1
58, 86, 0.16922
58, 87, -1
58, 88, 0.610916
58, 89, -1
58, 90, -1
58, 91, -1
58, 92, 0.160302
58, 93, -1
58, 94, 0.999067
58, 95, 0.700192
58, 96, 0.561896
58, 97, -1
58, 98, 0.566361
58, 99, 0.914326
58, 100, 0.833992
58, 101, 0.96786
58, 102, -1
58, 103, 0.561867
58, 104, -1
58, 105, -1
58, 106, 0.887577
58, 107, -1
58, 108, 0.860816
58, 109, 0.60203
58, 110, 0.356645
58, 111, -1
58, 112, 0.896513
58, 113, 0.981272
58, 114, -1
58, 115, -1
58, 116, 0.999123
58, 117, 0.146941
58, 118, 0.258494
58, 119, 0.115708
58, 120, 0.999133
58, 121, 0.749276
58, 122, 0.695742
58, 123, 0.94561
58, 124, 0.985761
58, 125, 0.932232
58, 126, 0.566367
58, 127, -1
58, 128, -1
58, 129, 0.0398583
58, 130, -1
58, 131, 0.441448
58, 132, -1
58, 133, -1
58, 134, -1
58, 135, 0.878722
58, 136, -1
58, 137, 0.97241
58, 138, -1
58, 139, -1
58, 140, 0.999184
58, 141, 0.86085
58, 142, -1
58, 143, 0.628859
58, 144, -1
58, 145, -1
58, 146, 0.561979
58, 147, 0.709215
58, 148, 0.941209
58, 149, -1
58, 150, 0.0755759
58, 151, -1
58, 152, -1
58, 153, 0.758264
58, 154, -1
58, 155, -1
58, 156, 0.570879
58, 157, 0.981383
58, 158, 0.151444
58, 159, -1
58, 160, 0.999236
58, 161, -1
58, 162, 0.968011
58, 163, 0.865402
58, 164, 0.892173
58, 165, 0.173764
58, 166, 0.780598
58, 167, -0.0627505
58, 168, 0.664638
58, 169, 0.111293
58, 170, -1
58, 171, 0.45043
58, 172, 0.521865
58, 173, 0.495054
58, 174, 0.753845
58, 175, -1
58, 176, 0.874354
58, 177, 0.60661
58, 178, 0.731584
58, 179, 0.722663
58, 180, 0.187167
58, 181, -1
58, 182, -1
58, 183, 0.504034
58, 184, -0.165384
58, 185, -1
58, 186, -1
58, 187, 0.361208
58, 188, 0.0622622
58, 189, 0.227339
58, 190, 0.231843
58, 191, -1
58, 192, -1
58, 193, 0.0354499
58, 194, -1
58, 195, 0.20057
58, 196, 0.914556
58, 197, 0.169334
58, 198, 0.70039
58, 199, -1
58, 200, 0.838714
58, 201, -1
58, 202, 0.798521
58, 203, 0.660201
58, 204, -1
58, 205, -1
58, 206, -1
58, 207, -0.0984254
58, 208, -0.0805728
58, 209, 0.566546
58, 210, -1
58, 211, -1
58, 212, 0.459455
58, 213, -1
58, 214, -1
58, 215, -1
58, 216, 0.254145
58, 217, 0.361248
58, 218, 0.579908
58, 219, 0.807522
58, 220, -1
58, 221, -1
58, 222, -1
58, 223, 0.477321
58, 224, -0.0894878
58, 225, 0.388074
58, 226, -1
58, 227, 0.289899
58, 228, -1
58, 229, 0.231886
58, 230, 0.637979
58, 231, 0.213997
58, 232, 0.115815
58, 233, -1
58, 234, -1
58, 235, 0.651335
58, 236, 0.142597
58, 237, -1
58, 238, -1
58, 239, 0.0488776
58, 240, 0.963743
58, 241, -1
58, 242, 0.843269
58, 243, 0.629038
58, 244, -1
58, 245, 0.455042
58, 246, 0.597806
58, 247, -1
58, 248, -1
58, 249, -1
58, 250, 0.745115
58, 251, -1
58, 252, -1
58, 253, -1
58, 254, 0.566621
58, 255, 0.673685
58, 256, -1
58, 257, -1
58, 258, -1
58, 259, -1
58, 260, 0.236343
58, 261, 0.856698
58, 262, 0.66031
58, 263, -1
58, 264, 0.55325
58, 265, -1
58, 266, 0.521974
58, 267, -1
58, 268, -1
58, 269, -1
58, 270, 0.472889
58, 271, -1
58, 272, -1
58, 273, -1
58, 274, 0.901312
58, 275, 0.00873955
58, 276, -1
58, 277, -1
58, 278, -0.0448174
58, 279, -1
58, 280, 0.94153
58, 281, 0.914757
58, 282, -1
58, 283, 0.700554
58, 284, 0.200665
58, 285, -1
58, 286, -1
58, 287, -1
58, 288, 0.89246
58, 289, -1
58, 290, -1
58, 291, -1
58, 292, 0.419366
58, 293, 0.678219
58, 294, 0.705038
58, 295, -0.245661
58, 296, 0.892439
58, 297, -1
58, 298, 0.347965
58, 299, 0.852321
58, 300, -1
58, 301, 0.968357
58, 302, 0.874642
58, 303, -1
58, 304, -1
58, 305, -1
58, 306, 0.00430118
58, 307, 0.785396
58, 308, -1
58, 309, 0.513116
58, 310, -1
58, 311, 0.696145
58, 312, 0.160525
58, 313, -1
58, 314, 0.441713
58, 315, 0.798801
58, 316, 0.437293
58, 317, 0.709505
58, 318, -1
58, 319, 0.660415
58, 320, -0.076031
58, 321, -1
58, 322, 0.048949
58, 323, -1
58, 324, 0.0355602
58, 325, -1
58, 326, -0.214399
58, 327, -1
58, 328, -1
58, 329, 0.298949
58, 330, 0.593528
58, 331, -1
58, 332, 0.129301
58, 333, -1
58, 334, 0.06235
58, 335, 0.57118
58, 336, 0.406039
58, 337, 0.348016
58, 338, 0.410505
58, 339, -0.218856
58, 340, -1
58, 341, -1
58, 342, -1
58, 343, 0.196265
58, 344, -0.267954
58, 345, 0.057896
58, 346, -1
58, 347, -1
58, 348, 0.383778
58, 349, -1
58, 350, -1
58, 351, -1
58, 352, 0.620306
58, 353, 0.54443
58, 354, 0.999731
58, 355, -1
58, 356, -0.0626145
58, 357, -1
58, 358, 0.919403
58, 359, -0.0492211
58, 360, 0.709589
58, 361, 0.473026
58, 362, 0.111475
58, 363, -1
58, 364, 0.562342
58, 365, 0.687321
58, 366, 0.223112
58, 367, -1
58, 368, -1
58, 369, -1
58, 370, 0.428404
58, 371, -1
58, 372, -1
58, 373, 0.718581
58, 374, 0.999783
58, 375, -0.0759923
58, 376, 0.665024
58, 377, -1
58, 378, -1
58, 379, 0.848036
58, 380, 0.611428
58, 381, 0.218624
58, 382, 0.68285
58, 383, 0.5222
58, 384, 0.816802
58, 385, -1
58, 386, -0.308109
58, 387, -1
58, 388, -1
58, 389, -1
58, 390, -1
58, 391, 0.718576
58, 392, 0.544493
58, 393, 0.955195
58, 394, 0.455261
58, 395, -1
58, 396, -0.241145
58, 397, -1
58, 398, -1
58, 399, 0.0802627
59, 0, -1
59, 1, 0.539393
59, 2, 0.998829
59, 3, 0.00405732
59, 4, -1
59, 5, 0.887342
59, 6, 0.615231
59, 7, -1
59, 8, 0.811528
59, 9, 0.780309
59, 10, 0.2316
59, 11, -1
59, 12, -1
59, 13, 0.499306
59, 14, 0.766939
59, 15, 0.539456
59, 16, 0.650973
59, 17, -1
59, 18, -1
59, 19, 0.905214
59, 20, -1
59, 21, -1
59, 22, -1
59, 23, -0.129785
59, 24, -1
59, 25, -1
59, 26, 0.503747
59, 27, -1
59, 28, -1
59, 29, 0.267312
59, 30, -1
59, 31, -1
59, 32, -1
59, 33, -1
59, 34, -1
59, 35, -1
59, 36, -1
59, 37, 0.490422
59, 38, -1
59, 39, 0.42793
59, 40, 0.909724
59, 41, -1
59, 42, 0.820522
59, 43, 0.164714
59, 44, 0.633181
59, 45, 0.682211
59, 46, -1
59, 47, 0.160256
59, 48, -1
59, 49, -1
59, 50, -1
59, 51, -1
59, 52, -1
59, 53, -1
59, 54, 0.445836
59, 55, 0.249537
59, 56, -1
59, 57, -1
59, 58, 0.744726
59, 59, -1
59, 60, 0.731308
59, 61, 0.227196
59, 62, -1
59, 63, 0.499344
59, 64, 0.682287
59, 65, -0.071749
59, 66, 0.129042
59, 67, -0.259167
59, 68, -1
59, 69, -1
59, 70, -1
59, 71, -0.21454
59, 72, -0.02266
59, 73, -1
59, 74, -1
59, 75, -1
59, 76, 0.468175
59, 77, -1
59, 78, 0.860746
59, 79, 0.374449
59, 80, -1
59, 81, 0.771538
59, 82, 0.659976
59, 83, -1
59, 84, 0.124638
59, 85, -1
59, 86, -1
59, 87, 0.776011
59, 88, -1
59, 89, 0.539576
59, 90, -1
59, 91, -1
59, 92, -1
59, 93, 0.146957
59, 94, -1
59, 95, 0.0219799
59, 96, 0.802795
59, 97, -1
59, 98, -1
59, 99, -1
59, 100, 0.896483
59, 101, 0.700202
59, 102, 0.789385
59, 103, -1
59, 104, 0.222781
59, 105, -1
59, 106, -0.120807
59, 107, -1
59, 108, -0.205594
59, 109, -0.00920429
59, 110, -0.116342
59, 111, 0.0710779
59, 112, -1
59, 113, 0.0577333
59, 114, 0.303107
59, 115, -1
59, 116, -1
59, 117, 0.539581
59, 118, 0.999126
59, 119, -1
59, 120, -1
59, 121, -1
59, 122, -0.0226216
59, 123, -0.272527
59, 124, 0.267464
59, 125, -1
59, 126, 0.432556
59, 127, 0.445902
59, 128, -1
59, 129, 0.999154
59, 130, -1
59, 131, -1
59, 132, 0.95009
59, 133, 0.954554
59, 134, -1
59, 135, -1
59, 136, -1
59, 137, -1
59, 138, 0.682387
59, 139, 0.999179
59, 140, 0.999182
59, 141, 0.878733
59, 142, 0.758279
59, 143, -1
59, 144, 0.267487
59, 145, -0.281442
59, 146, -1
59, 147, 0.927821
59, 148, 0.838557
59, 149, 0.999205
59, 150, 0.682409
59, 151, 0.851988
59, 152, 0.133628
59, 153, 0.37901
59, 154, 0.999218
59, 155, 0.468253
59, 156, 0.847538
59, 157, 0.950151
59, 158, 0.927847
59, 159, 0.968002
59, 160, -1
59, 161, -1
59, 162, 0.374601
59, 163, 0.316594
59, 164, 0.682476
59, 165, 0.642322
59, 166, 0.68248
59, 167, 0.968021
59, 168, 0.968024
59, 169, -1
59, 170, -1
59, 171, -0.12965
59, 172, -1
59, 173, -0.143037
59, 174, 0.53079
59, 175, -1
59, 176, 0.245213
59, 177, 0.611111
59, 178, 0.129151
59, 179, 0.0756009
59, 180, 0.771702
59, 181, -1
59, 182, -1
59, 183, -1
59, 184, -1
59, 185, 0.852064
59, 186, -1
59, 187, 0.999302
59, 188, -1
59, 189, -1
59, 190, 0.968079
59, 191, 0.151476
59, 192, 0.468349
59, 193, -1
59, 194, -1
59, 195, -0.24125
59, 196, -1
59, 197, -1
59, 198, -1
59, 199, 0.49067
59, 200, 0.999335
59, 201, -1
59, 202, -1
59, 203, -1
59, 204, 0.504065
59, 205, -1
59, 206, 0.865456
59, 207, 0.968121
59, 208, 0.83873
59, 209, -1
59, 210, -1
59, 211, -1
59, 212, -1
59, 213, -1
59, 214, -1
59, 215, -1
59, 216, 0.23187
59, 217, 0.28092
59, 218, -1
59, 219, -1
59, 220, 0.245223
59, 221, 0.7986
59, 222, 0.459428
59, 223, -0.0403959
59, 224, -1
59, 225, -0.0493204
59, 226, 0.437162
59, 227, -1
59, 228, -1
59, 229, -0.11176
59, 230, -1
59, 231, 0.142631
59, 232, 0.642444
59, 233, -1
59, 234, -1
59, 235, -1
59, 236, 0.093544
59, 237, 0.388089
59, 238, 0.517506
59, 239, 0.396977
59, 240, 0.713816
59, 241, 0.825416
59, 242, 0.945897
59, 243, 0.106899
59, 244, 0.486277
59, 245, 0.191697
59, 246, -1
59, 247, 0.481779
59, 248, -1
59, 249, 0.0489257
59, 250, -1
59, 251, 0.419347
59, 252, 0.999468
59, 253, -0.125134
59, 254, 0.0980236
59, 255, -0.0939303
59, 256, -1
59, 257, 0.383654
59, 258, -0.0269802
59, 259, 0.129229
59, 260, -1
59, 261, -1
59, 262, -1
59, 263, 0.651425
59, 264, 0.423829
59, 265, -1
59, 266, -1
59, 267, 0.187297
59, 268, 0.334536
59, 269, 0.428298
59, 270, -1
59, 271, -1
59, 272, 0.231893
59, 273, 0.0846517
59, 274, 0.0489472
59, 275, -1
59, 276, 0.0489086
59, 277, 0.039983
59, 278, 0.227436
59, 279, 0.00427872
59, 280, 0.00427952
59, 281, -1
59, 282, 0.999545
59, 283, 0.96831
59, 284, 0.200664
59, 285, 0.999553
59, 286, -1
59, 287, 0.281004
59, 288, -1
59, 289, 0.740688
59, 290, 0.968327
59, 291, -1
59, 292, 0.205136
59, 293, 0.102523
59, 294, -1
59, 295, -1
59, 296, -1
59, 297, 0.562229
59, 298, -1
59, 299, 0.731783
59, 300, 0.441692
59, 301, -1
59, 302, 0.580049
59, 303, 0.999599
59, 304, 0.901421
59, 305, -1
59, 306, 0.687207
59, 307, 0.571131
59, 308, 0.896927
59, 309, -1
59, 310, 0.901394
59, 311, -1
59, 312, 0.606884
59, 313, -1
59, 314, -0.16977
59, 315, -1
59, 316, -1
59, 317, 0.539946
59, 318, 0.879139
59, 319, 0.977325
59, 320, -1
59, 321, 0.361384
59, 322, 0.352458
59, 323, 0.191779
59, 324, -1
59, 325, 0.968414
59, 326, 0.816634
59, 327, 0.968419
59, 328, 0.258736
59, 329, -1
59, 330, -1
59, 331, 0.0623868
59, 332, -1
59, 333, 0.111487
59, 334, -1
59, 335, -1
59, 336, 0.575683
59, 337, 0.772067
59, 338, 0.647059
59, 339, 0.289992
59, 340, -1
59, 341, 0.972917
59, 342, -1
59, 343, -1
59, 344, -0.0269146
59, 345, 0.615869
59, 346, -1
59, 347, 0.0757917
59, 348, -1
59, 349, -1
59, 350, -1
59, 351, -1
59, 352, -1
59, 353, -0.0269077
59, 354, -0.32598
59, 355, 0.50426
59, 356, 0.656059
59, 357, -1
59, 358, 0.379287
59, 359, -1
59, 360, -0.325977
59, 361, 0.758726
59, 362, 0.0489825
59, 363, 0.535517
59, 364, -1
59, 365, 0.455217
59, 366, 0.182897
59, 367, 0.758739
59, 368, -0.151883
59, 369, 0.312387
59, 370, -1
59, 371, 0.00439286
59, 372, 0.441837
59, 373, -1
59, 374, 0.615879
59, 375, -1
59, 376, -1
59, 377, 0.95069
59, 378, 0.99979
59, 379, -1
59, 380, 0.950697
59, 381, 0.897137
59, 382, -1
59, 383, -1
59, 384, -1
59, 385, 0.178494
59, 386, -1
59, 387, -1
59, 388, 0.897154
59, 389, 0.816811
59, 390, -1
59, 391, 0.557921
59, 392, -1
59, 393, 0.441827
59, 394, -1
59, 395, 0.15168
59, 396, -1
59, 397, 0.96413
59, 398, 0.517719
59, 399, 0.763227
60, 0, 0.967604
60, 1, -0.0316389
60, 2, 0.160209
60, 3, -1
60, 4, 0.619726
60, 5, -1
60, 6, -1
60, 7, 0.517098
60, 8, 0.967624
60, 9, -1
60, 10, 0.619697
60, 11, -1
60, 12, 0.490382
60, 13, -1
60, 14, -1
60, 15, -0.0316283
60, 16, 0.75798
60, 17, 0.454662
60, 18, 0.106687
60, 19, 0.646516
60, 20, -1
60, 21, -1
60, 22, 0.847197
60, 23, -1
60, 24, 0.508203
60, 25, 0.766959
60, 26, 0.535012
60, 27, 0.262848
60, 28, 0.204851
60, 29, -1
60, 30, -1
60, 31, -1
60, 32, -1
60, 33, -1
60, 34, -1
60, 35, -1
60, 36, -1
60, 37, -0.227946
60, 38, 0.789288
60, 39, 0.847275
60, 40, -0.192246
60, 41, 0.222711
60, 42, -1
60, 43, 0.58857
60, 44, 0.58407
60, 45, -1
60, 46, -1
60, 47, 0.749162
60, 48, -1
60, 49, -0.0226382
60, 50, -1
60, 51, -1
60, 52, -0.0181738
60, 53, -1
60, 54, 0.735795
60, 55, -1
60, 56, -1
60, 57, -1
60, 58, 0.677773
60, 59, -1
60, 60, -1
60, 61, 0.526106
60, 62, -1
60, 63, 0.601947
60, 64, 0.539534
60, 65, -1
60, 66, 0.490465
60, 67, -0.201155
60, 68, -1
60, 69, -0.205576
60, 70, 0.00861264
60, 71, -0.0583185
60, 72, -1
60, 73, 0.651075
60, 74, 0.249517
60, 75, 0.120126
60, 76, 0.856279
60, 77, 0.735841
60, 78, 0.816137
60, 79, -1
60, 80, -0.22346
60, 81, 0.628744
60, 82, -1
60, 83, -1
60, 84, 0.932128
60, 85, 0.941052
60, 86, -1
60, 87, 0.2183
60, 88, -1
60, 89, 0.530652
60, 90, 0.137989
60, 91, -1
60, 92, -1
60, 93, 0.486004
60, 94, 0.771562
60, 95, 0.606504
60, 96, 0.664461
60, 97, 0.740342
60, 98, 0.566357
60, 99, -1
60, 100, -1
60, 101, 0.93663
60, 102, 0.182621
60, 103, -0.294851
60, 104, -0.116346
60, 105, -1
60, 106, 0.436947
60, 107, 0.267443
60, 108, 0.593142
60, 109, -1
60, 110, 0.240635
60, 111, -1
60, 112, 0.303103
60, 113, 0.428074
60, 114, 0.280837
60, 115, -1
60, 116, 0.200483
60, 117, 0.740382
60, 118, -1
60, 119, -1
60, 120, -1
60, 121, 0.999131
60, 122, -0.049397
60, 123, 0.718087
60, 124, -1
60, 125, -1
60, 126, 0.749322
60, 127, -0.259137
60, 128, 0.441441
60, 129, -0.0181546
60, 130, -1
60, 131, 0.990234
60, 132, -1
60, 133, 0.508414
60, 134, 0.276399
60, 135, -1
60, 136, -1
60, 137, -1
60, 138, -1
60, 139, 0.481613
60, 140, -1
60, 141, -1
60, 142, 0.967957
60, 143, 0.740434
60, 144, 0.539664
60, 145, -1
60, 146, 0.316531
60, 147, -1
60, 148, 0.530747
60, 149, -1
60, 150, -1
60, 151, 0.686911
60, 152, 0.611025
60, 153, -0.196644
60, 154, 0.575374
60, 155, -1
60, 156, -1
60, 157, 0.526259
60, 158, -1
60, 159, 0.941231
60, 160, 0.910004
60, 161, -1
60, 162, -1
60, 163, 0.646778
60, 164, 0.0711241
60, 165, -1
60, 166, 0.316597
60, 167, -1
60, 168, -1
60, 169, -1
60, 170, -1
60, 171, 0.0488175
60, 172, 0.646795
60, 173, -0.0672104
60, 174, -1
60, 175, -1
60, 176, -0.00919277
60, 177, 0.820812
60, 178, -1
60, 179, -1
60, 180, 0.968051
60, 181, -1
60, 182, 0.780668
60, 183, 0.459409
60, 184, -1
60, 185, 0.441523
60, 186, -1
60, 187, -1
60, 188, 0.0756484
60, 189, -1
60, 190, -1
60, 191, -1
60, 192, -1
60, 193, -1
60, 194, 0.196145
60, 195, -1
60, 196, -1
60, 197, -0.0538046
60, 198, 0.687
60, 199, 0.736044
60, 200, 0.785167
60, 201, -0.013636
60, 202, 0.562069
60, 203, -1
60, 204, 0.303256
60, 205, 0.240782
60, 206, -1
60, 207, -1
60, 208, -1
60, 209, -1
60, 210, -1
60, 211, 0.405902
60, 212, -1
60, 213, 0.111373
60, 214, -1
60, 215, 0.178276
60, 216, -1
60, 217, 0.142576
60, 218, 0.579905
60, 219, 0.923529
60, 220, -1
60, 221, -0.0850282
60, 222, -1
60, 223, -0.303721
60, 224, 0.00427411
60, 225, -1
60, 226, -0.218878
60, 227, -1
60, 228, -0.000185652
60, 229, -1
60, 230, 0.1292
60, 231, 0.106887
60, 232, -0.0448127
60, 233, -1
60, 234, 0.0979639
60, 235, 0.86556
60, 236, -1
60, 237, 0.664763
60, 238, 0.450525
60, 239, 0.446064
60, 240, 0.905731
60, 241, 0.722781
60, 242, -1
60, 243, -1
60, 244, -0.129644
60, 245, -1
60, 246, -1
60, 247, 0.124794
60, 248, 0.048924
60, 249, 0.298849
60, 250, -1
60, 251, 0.0935569
60, 252, -1
60, 253, -0.276927
60, 254, -1
60, 255, 0.423814
60, 256, 0.557696
60, 257, 0.722812
60, 258, 0.968245
60, 259, 0.834337
60, 260, 0.709431
60, 261, -1
60, 262, -1
60, 263, -0.205508
60, 264, -1
60, 265, 0.24081
60, 266, 0.347961
60, 267, -0.116239
60, 268, -1
60, 269, -1
60, 270, 0.218541
60, 271, -1
60, 272, 0.21408
60, 273, 0.187302
60, 274, 0.379212
60, 275, 0.347933
60, 276, 0.303304
60, 277, -1
60, 278, -1
60, 279, -1
60, 280, 0.664843
60, 281, 0.321163
60, 282, 0.392612
60, 283, 0.789804
60, 284, 0.392615
60, 285, 0.611298
60, 286, 0.138181
60, 287, 0.423819
60, 288, -0.0894451
60, 289, 0.490807
60, 290, -1
60, 291, -1
60, 292, -1
60, 293, -1
60, 294, 0.142652
60, 295, 0.106947
60, 296, -0.134074
60, 297, -1
60, 298, -1
60, 299, 0.111414
60, 300, -1
60, 301, 0.713933
60, 302, -1
60, 303, -1
60, 304, -0.209949
60, 305, -1
60, 306, -0.0581885
60, 307, 0.51315
60, 308, -1
60, 309, 0.459556
60, 310, 0.709528
60, 311, 0.468525
60, 312, -1
60, 313, -1
60, 314, 0.352447
60, 315, 0.356951
60, 316, -1
60, 317, 0.513126
60, 318, -1
60, 319, 0.129286
60, 320, 0.7586
60, 321, -0.125131
60, 322, -0.165303
60, 323, 0.0400212
60, 324, -1
60, 325, 0.691705
60, 326, 0.883618
60, 327, 0.504255
60, 328, -1
60, 329, 0.455162
60, 330, -1
60, 331, -1
60, 332, 0.0355653
60, 333, -0.116196
60, 334, -1
60, 335, 0.526584
60, 336, 0.526586
60, 337, 0.0757415
60, 338, 0.142695
60, 339, 0.522087
60, 340, -1
60, 341, -1
60, 342, -1
60, 343, -1
60, 344, -1
60, 345, -0.147434
60, 346, 0.812212
60, 347, -1
60, 348, -1
60, 349, 0.240945
60, 350, -1
60, 351, -0.227778
60, 352, -1
60, 353, 0.486442
60, 354, 0.638159
60, 355, -1
60, 356, 0.781031
60, 357, -1
60, 358, 0.664987
60, 359, 0.93275
60, 360, -1
60, 361, -1
60, 362, 0.490879
60, 363, -1
60, 364, 0.321267
60, 365, 0.00434692
60, 366, -1
60, 367, 0.20972
60, 368, 0.34363
60, 369, -1
60, 370, -0.0135042
60, 371, 0.781062
60, 372, -1
60, 373, 0.727504
60, 374, 0.798922
60, 375, -1
60, 376, 0.0489937
60, 377, -1
60, 378, -1
60, 379, 0.0177496
60, 380, -1
60, 381, 0.821255
60, 382, 0.4552
60, 383, -1
60, 384, 0.928346
60, 385, 0.999806
60, 386, -1
60, 387, -1
60, 388, -1
60, 389, -0.053624
60, 390, 0.406151
60, 391, 0.468645
60, 392, 0.781106
60, 393, -1
60, 394, -1
60, 395, -1
60, 396, -1
60, 397, 0.812362
60, 398, -1
60, 399, -1
61, 0, 0.963101
61, 1, 0.579575
61, 2, 0.967606
61, 3, 0.914091
61, 4, 0.740113
61, 5, 0.463565
61, 6, 0.918558
61, 7, 0.610769
61, 8, 0.508177
61, 9, -1
61, 10, 0.691102
61, 11, 0.93195
61, 12, 0.824913
61, 13, -1
61, 14, -1
61, 15, -1
61, 16, 0.900742
61, 17, -1
61, 18, -0.187797
61, 19, 0.829388
61, 20, -1
61, 21, 0.887374
61, 22, 0.311914
61, 23, -1
61, 24, 0.99888
61, 25, 0.432368
61, 26, -1
61, 27, -1
61, 28, 0.998891
61, 29, -1
61, 30, -1
61, 31, 0.940918
61, 32, -1
61, 33, 0.998903
61, 34, 0.972146
61, 35, -1
61, 36, -1
61, 37, 0.86957
61, 38, 0.628706
61, 39, 0.00854648
61, 40, -0.0673061
61, 41, 0.512689
61, 42, 0.998926
61, 43, 0.584107
61, 44, 0.771417
61, 45, -1
61, 46, 0.258407
61, 47, -1
61, 48, -1
61, 49, 0.874058
61, 50, -1
61, 51, -1
61, 52, 0.865144
61, 53, -1
61, 54, 0.940974
61, 55, -1
61, 56, 0.95882
61, 57, -1
61, 58, 0.842855
61, 59, -1
61, 60, 0.945449
61, 61, 0.789335
61, 62, 0.289656
61, 63, 0.646594
61, 64, -1
61, 65, -1
61, 66, -1
61, 67, 0.615335
61, 68, 0.802731
61, 69, 0.686754
61, 70, 0.744746
61, 71, 0.936555
61, 72, -1
61, 73, 0.94102
61, 74, 0.936562
61, 75, 0.99455
61, 76, 0.526128
61, 77, -1
61, 78, 0.0175022
61, 79, -1
61, 80, 0.802757
61, 81, -1
61, 82, -1
61, 83, -1
61, 84, -1
61, 85, 0.254031
61, 86, 0.316496
61, 87, 0.151411
61, 88, -0.201104
61, 89, 0.00416501
61, 90, 0.597571
61, 91, 0.378924
61, 92, 0.84289
61, 93, 0.941069
61, 94, -1
61, 95, 0.941074
61, 96, 0.918772
61, 97, 0.874167
61, 98, -1
61, 99, 0.735882
61, 100, 0.23616
61, 101, 0.664508
61, 102, 0.213853
61, 103, 0.236204
61, 104, -1
61, 105, 0.539599
61, 106, -1
61, 107, 0.936642
61, 108, 0.811739
61, 109, -1
61, 110, 0.84293
61, 111, -1
61, 112, 0.146933
61, 113, 0.129086
61, 114, 0.776023
61, 115, -1
61, 116, 0.932203
61, 117, -1
61, 118, 0.874215
61, 119, 0.936671
61, 120, 0.432544
61, 121, -1
61, 122, -1
61, 123, -1
61, 124, -1
61, 125, -1
61, 126, -1
61, 127, -1
61, 128, 0.709172
61, 129, -1
61, 130, -0.268062
61, 131, 0.0755562
61, 132, 0.111296
61, 133, 0.338824
61, 134, 0.294245
61, 135, 0.999164
61, 136, -1
61, 137, 0.999169
61, 138, -1
61, 139, 0.932258
61, 140, 0.619965
61, 141, 0.200509
61, 142, -1
61, 143, -1
61, 144, 0.834123
61, 145, -1
61, 146, -1
61, 147, -1
61, 148, 0.856438
61, 149, -1
61, 150, -1
61, 151, -1
61, 152, -1
61, 153, -1
61, 154, 0.285345
61, 155, 0.976909
61, 156, -1
61, 157, 0.820767
61, 158, 0.811846
61, 159, 0.776116
61, 160, 0.901079
61, 161, -1
61, 162, 0.151445
61, 163, -1
61, 164, 0.303166
61, 165, 0.860938
61, 166, 0.843094
61, 167, 0.325481
61, 168, -1
61, 169, -1
61, 170, -1
61, 171, -1
61, 172, -1
61, 173, -1
61, 174, -1
61, 175, 0.798498
61, 176, -1
61, 177, 0.811887
61, 178, 0.972505
61, 179, 0.976969
61, 180, 0.548604
61, 181, 0.401356
61, 182, 0.695892
61, 183, -1
61, 184, 0.945751
61, 185, -1
61, 186, 0.87437
61, 187, 0.405827
61, 188, -1
61, 189, -1
61, 190, -1
61, 191, -1
61, 192, -1
61, 193, -1
61, 194, 0.75392
61, 195, -1
61, 196, 0.646837
61, 197, -1
61, 198, 0.999325
61, 199, -1
61, 200, 0.780703
61, 201, 0.999333
61, 202, 0.776205
61, 203, 0.825329
61, 204, 0.803021
61, 205, 0.905646
61, 206, 0.941343
61, 207, -1
61, 208, -1
61, 209, -1
61, 210, -1
61, 211, -1
61, 212, -1
61, 213, -1
61, 214, 0.0801336
61, 215, 0.843203
61, 216, 0.727192
61, 217, 0.843207
61, 218, -1
61, 219, 0.936912
61, 220, 0.905681
61, 221, 0.673615
61, 222, 0.213984
61, 223, 0.807524
61, 224, -1
61, 225, -1
61, 226, -1
61, 227, -1
61, 228, -1
61, 229, -1
61, 230, -1
61, 231, -1
61, 232, -1
61, 233, -1
61, 234, -1
61, 235, -1
61, 236, 0.878946
61, 237, 0.508535
61, 238, -1
61, 239, -1
61, 240, -1
61, 241, 0.00870966
61, 242, 0.816489
61, 243, 0.687084
61, 244, 0.843267
61, 245, -1
61, 246, -1
61, 247, -1
61, 248, -1
61, 249, -1
61, 250, -1
61, 251, -1
61, 252, -1
61, 253, 0.910221
61, 254, -1
61, 255, 0.704957
61, 256, -1
61, 257, -1
61, 258, 0.455016
61, 259, -1
61, 260, 0.856689
61, 261, 0.495185
61, 262, 0.593406
61, 263, -1
61, 264, 0.820999
61, 265, 0.999496
61, 266, -1
61, 267, -1
61, 268, -1
61, 269, -1
61, 270, -1
61, 271, -1
61, 272, -1
61, 273, 0.593384
61, 274, 0.704993
61, 275, 0.0667587
61, 276, -0.0492844
61, 277, -1
61, 278, -1
61, 279, -1
61, 280, 0.771945
61, 281, -1
61, 282, 0.12925
61, 283, -1
61, 284, 0.905832
61, 285, -1
61, 286, 0.0310624
61, 287, -1
61, 288, -1
61, 289, -1
61, 290, -0.281373
61, 291, 0.687175
61, 292, 0.11587
61, 293, -1
61, 294, 0.602387
61, 295, -0.0938641
61, 296, -1
61, 297, -1
61, 298, 0.977267
61, 299, -1
61, 300, 0.879093
61, 301, 0.972812
61, 302, 0.624715
61, 303, -1
61, 304, 0.852325
61, 305, -1
61, 306, 0.713981
61, 307, -1
61, 308, -0.000163038
61, 309, 0.365869
61, 310, -1
61, 311, 0.111465
61, 312, -1
61, 313, -1
61, 314, 0.865736
61, 315, -0.290248
61, 316, -1
61, 317, 0.588997
61, 318, -1
61, 319, 0.696114
61, 320, -1
61, 321, 0.999639
61, 322, -0.27243
61, 323, 0.673847
61, 324, 0.879148
61, 325, -1
61, 326, 0.638147
61, 327, 0.539959
61, 328, -1
61, 329, -1
61, 330, 0.343539
61, 331, -1
61, 332, 0.6694
61, 333, -1
61, 334, -1
61, 335, 0.0757791
61, 336, -0.0135315
61, 337, 0.0757406
61, 338, 0.999683
61, 339, -0.000138339
61, 340, 0.361446
61, 341, -1
61, 342, -1
61, 343, -1
61, 344, -1
61, 345, 0.834564
61, 346, -1
61, 347, 0.861348
61, 348, -1
61, 349, 0.620336
61, 350, -1
61, 351, 0.736385
61, 352, -1
61, 353, 0.714033
61, 354, -1
61, 355, -1
61, 356, 0.468591
61, 357, -1
61, 358, 0.397138
61, 359, 0.999737
61, 360, -0.209918
61, 361, 0.941719
61, 362, 0.923868
61, 363, -1
61, 364, 0.999749
61, 365, 0.999752
61, 366, 0.999754
61, 367, 0.972977
61, 368, 0.839078
61, 369, -1
61, 370, -1
61, 371, 0.972987
61, 372, -1
61, 373, -1
61, 374, -1
61, 375, -1
61, 376, 0.865877
61, 377, -1
61, 378, 0.821246
61, 379, -1
61, 380, 0.691808
61, 381, 0.660565
61, 382, -1
61, 383, -1
61, 384, -1
61, 385, 0.968558
61, 386, 0.999806
61, 387, 0.999808
61, 388, 0.557873
61, 389, -1
61, 390, -1
61, 391, -1
61, 392, 0.196314
61, 393, 0.727542
61, 394, 0.182965
61, 395, -1
61, 396, -1
61, 397, -0.20097
61, 398, -1
61, 399, 0.999839
62, 0, 0.717842
62, 1, -1
62, 2, -1
62, 3, 0.998824
62, 4, 0.360962
62, 5, -1
62, 6, -1
62, 7, -1
62, 8, -1
62, 9, 0.856124
62, 10, 0.481454
62, 11, -1
62, 12, -1
62, 13, -1
62, 14, -1
62, 15, 0.307443
62, 16, -0.0137818
62, 17, 0.521612
62, 18, 0.75356
62, 19, -1
62, 20, 0.905209
62, 21, 0.972111
62, 22, 0.811552
62, 23, -1
62, 24, 0.0442277
62, 25, 0.262843
62, 26, -1
62, 27, 0.276229
62, 28, 0.38776
62, 29, 0.133465
62, 30, -1
62, 31, -1
62, 32, 0.646536
62, 33, -1
62, 34, 0.659922
62, 35, 0.481492
62, 36, 0.102241
62, 37, 0.606399
62, 38, 0.597439
62, 39, 0.807088
62, 40, 0.81601
62, 41, -0.000376518
62, 42, 0.42793
62, 43, 0.708965
62, 44, 0.709007
62, 45, 0.579648
62, 46, -1
62, 47, -1
62, 48, -1
62, 49, 0.588577
62, 50, -1
62, 51, 0.245068
62, 52, 0.503823
62, 53, -1
62, 54, 0.753633
62, 55, 0.633196
62, 56, 0.414606
62, 57, -1
62, 58, -1
62, 59, -1
62, 60, 0.936526
62, 61, -1
62, 62, -1
62, 63, -1
62, 64, -1
62, 65, -1
62, 66, 0.445809
62, 67, -1
62, 68, 0.387855
62, 69, -1
62, 70, -1
62, 71, -1
62, 72, 0.477047
62, 73, 0.29417
62, 74, 0.838427
62, 75, -0.0762063
62, 76, -1
62, 77, 0.410134
62, 78, 0.0933557
62, 79, 0.111204
62, 80, -1
62, 81, -1
62, 82, -1
62, 83, -1
62, 84, 0.410144
62, 85, 0.593099
62, 86, -1
62, 87, -1
62, 88, -1
62, 89, -1
62, 90, -1
62, 91, 0.00858767
62, 92, -1
62, 93, -1
62, 94, -1
62, 95, -1
62, 96, -1
62, 97, -1
62, 98, -1
62, 99, -1
62, 100, -1
62, 101, -0.0449516
62, 102, 0.784958
62, 103, 0.334322
62, 104, 0.767118
62, 105, -1
62, 106, -1
62, 107, -1
62, 108, -1
62, 109, -1
62, 110, -1
62, 111, -0.0360194
62, 112, -1
62, 113, -1
62, 114, 0.744833
62, 115, 0.428034
62, 116, 0.673457
62, 117, 0.936664
62, 118, 0.985736
62, 119, 0.963434
62, 120, 0.619888
62, 121, -1
62, 122, -1
62, 123, 0.468241
62, 124, -1
62, 125, -1
62, 126, 0.432511
62, 127, -0.187734
62, 128, 0.120175
62, 129, -1
62, 130, -1
62, 131, -0.11633
62, 132, -1
62, 133, -0.111866
62, 134, -1
62, 135, -1
62, 136, 0.718109
62, 137, 0.967939
62, 138, 0.967942
62, 139, -1
62, 140, 0.847455
62, 141, 0.561964
62, 142, -0.0583088
62, 143, 0.41915
62, 144, 0.53962
62, 145, -1
62, 146, 0.352265
62, 147, -1
62, 148, 0.338842
62, 149, 0.468239
62, 150, 0.0577629
62, 151, -1
62, 152, -1
62, 153, 0.334426
62, 154, 0.49952
62, 155, 0.262994
62, 156, -1
62, 157, -1
62, 158, 0.936763
62, 159, 0.517335
62, 160, -1
62, 161, 0.829696
62, 162, 0.477223
62, 163, 0.0264961
62, 164, -1
62, 165, 0.258584
62, 166, -1
62, 167, -1
62, 168, -1
62, 169, 0.923405
62, 170, -1
62, 171, -1
62, 172, 0.414769
62, 173, -0.0493609
62, 174, -1
62, 175, -1
62, 176, -1
62, 177, -1
62, 178, -1
62, 179, 0.794042
62, 180, 0.860929
62, 181, -1
62, 182, 0.664657
62, 183, 0.584344
62, 184, 0.410324
62, 185, 0.0889915
62, 186, -1
62, 187, 0.383555
62, 188, -1
62, 189, 0.347859
62, 190, -1
62, 191, 0.178249
62, 192, -1
62, 193, -1
62, 194, 0.365715
62, 195, 0.566516
62, 196, 0.017598
62, 197, -1
62, 198, 0.941281
62, 199, 0.798547
62, 200, 0.999328
62, 201, 0.762815
62, 202, 0.57095
62, 203, 0.0488432
62, 204, -1
62, 205, 0.486213
62, 206, 0.437089
62, 207, -1
62, 208, -1
62, 209, 0.517455
62, 210, 0.477296
62, 211, -1
62, 212, 0.196162
62, 213, 0.0131491
62, 214, -1
62, 215, 0.280914
62, 216, 0.499617
62, 217, -1
62, 218, -1
62, 219, -1
62, 220, 0.999379
62, 221, 0.704849
62, 222, 0.602219
62, 223, -1
62, 224, -1
62, 225, -1
62, 226, 0.633462
62, 227, 0.66474
62, 228, -0.138582
62, 229, -1
62, 230, 0.63351
62, 231, -1
62, 232, -0.0537805
62, 233, -1
62, 234, 0.571044
62, 235, -1
62, 236, 0.936951
62, 237, -1
62, 238, 0.829825
62, 239, 0.713808
62, 240, 0.664724
62, 241, -1
62, 242, 0.878958
62, 243, -0.0805512
62, 244, 0.812029
62, 245, 0.936973
62, 246, 0.669238
62, 247, -1
62, 248, 0.93698
62, 249, 0.593341
62, 250, -1
62, 251, -1
62, 252, -1
62, 253, 0.874521
62, 254, -1
62, 255, -0.196587
62, 256, -1
62, 257, -1
62, 258, -1
62, 259, 0.481792
62, 260, -1
62, 261, 0.941474
62, 262, 0.579976
62, 263, 0.780833
62, 264, 0.968255
62, 265, -1
62, 266, -1
62, 267, -1
62, 268, -1
62, 269, -1
62, 270, 0.370238
62, 271, 0.245317
62, 272, 0.316686
62, 273, -1
62, 274, -1
62, 275, -1
62, 276, 0.46847
62, 277, 0.539877
62, 278, 0.205118
62, 279, 0.124783
62, 280, 0.0355198
62, 281, 0.896897
62, 282, 0.151564
62, 283, -1
62, 284, 0.856741
62, 285, -1
62, 286, 0.1962
62, 287, 0.821047
62, 288, 0.535391
62, 289, 0.298855
62, 290, -0.259056
62, 291, 0.700562
62, 292, -1
62, 293, 0.571143
62, 294, -1
62, 295, 0.785322
62, 296, 0.968335
62, 297, -1
62, 298, 0.468503
62, 299, 0.847849
62, 300, -0.183171
62, 301, 0.303333
62, 302, 0.96835
62, 303, 0.937113
62, 304, -0.250122
62, 305, 0.740755
62, 306, 0.325695
62, 307, -1
62, 308, -1
62, 309, -1
62, 310, 0.705061
62, 311, -1
62, 312, 0.888044
62, 313, 0.593492
62, 314, -1
62, 315, 0.370298
62, 316, -1
62, 317, 0.687223
62, 318, 0.0132345
62, 319, 0.789835
62, 320, -1
62, 321, 0.55776
62, 322, -1
62, 323, -1
62, 324, -1
62, 325, -1
62, 326, -0.174229
62, 327, -1
62, 328, -1
62, 329, -1
62, 330, -1
62, 331, -1
62, 332, -1
62, 333, 0.249851
62, 334, 0.31234
62, 335, 0.905949
62, 336, -1
62, 337, 0.678294
62, 338, 0.83901
62, 339, -1
62, 340, 0.727395
62, 341, -0.308132
62, 342, 0.254285
62, 343, 0.423896
62, 344, -1
62, 345, 0.65157
62, 346, 0.352526
62, 347, -1
62, 348, -1
62, 349, -1
62, 350, 0.526605
62, 351, -1
62, 352, -1
62, 353, 0.437341
62, 354, -1
62, 355, 0.905996
62, 356, 0.905999
62, 357, 0.361427
62, 358, 0.781031
62, 359, 0.624775
62, 360, 0.700654
62, 361, 0.571217
62, 362, 0.803356
62, 363, 0.772115
62, 364, 0.0534454
62, 365, -0.00904589
62, 366, 0.589079
62, 367, 0.0489843
62, 368, -1
62, 369, -1
62, 370, 0.638185
62, 371, -1
62, 372, 0.138263
62, 373, 0.745354
62, 374, 0.544498
62, 375, 0.415014
62, 376, 0.700685
62, 377, 0.526608
62, 378, 0.90605
62, 379, 0.62481
62, 380, 0.23201
62, 381, 0.151663
62, 382, 0.790008
62, 383, -1
62, 384, 0.790012
62, 385, 0.633788
62, 386, 0.281118
62, 387, 0.285583
62, 388, -1
62, 389, -1
62, 390, 0.874833
62, 391, 0.357048
62, 392, 0.432934
62, 393, 0.218633
62, 394, 0.232025
62, 395, 0.990899
62, 396, -1
62, 397, 0.794503
62, 398, -1
62, 399, 0.781116
63, 0, -1
63, 1, 0.762403
63, 2, -0.290437
63, 3, -0.223504
63, 4, 0.347578
63, 5, 0.59742
63, 6, -1
63, 7, 0.923016
63, 8, -1
63, 9, 0.869462
63, 10, 0.294053
63, 11, 0.967624
63, 12, 0.405621
63, 13, -1
63, 14, 0.686605
63, 15, 0.597397
63, 16, 0.726752
63, 17, 0.989938
63, 18, 0.99886
63, 19, 0.909665
63, 20, 0.927507
63, 21, 0.998868
63, 22, -0.241342
63, 23, 0.673241
63, 24, 0.294069
63, 25, 0.882918
63, 26, -1
63, 27, -1
63, 28, 0.842744
63, 29, -1
63, 30, -1
63, 31, -0.107472
63, 32, 0.347654
63, 33, -1
63, 34, 0.998901
63, 35, -1
63, 36, -1
63, 37, 0.998908
63, 38, 0.860647
63, 39, -1
63, 40, -1
63, 41, -1
63, 42, 0.9454
63, 43, 0.972163
63, 44, -1
63, 45, -1
63, 46, -1
63, 47, 0.682247
63, 48, 0.874051
63, 49, -1
63, 50, -1
63, 51, 0.642108
63, 52, 0.285181
63, 53, 0.508244
63, 54, -1
63, 55, 0.882987
63, 56, -1
63, 57, -1
63, 58, -1
63, 59, 0.793787
63, 60, -1
63, 61, -1
63, 62, -1
63, 63, 0.557372
63, 64, -1
63, 65, 0.802721
63, 66, 0.557377
63, 67, 0.762579
63, 68, -0.0895985
63, 69, 0.494885
63, 70, 0.405702
63, 71, -1
63, 72, 0.19155
63, 73, -1
63, 74, 0.316478
63, 75, 0.343249
63, 76, 0.093353
63, 77, 0.76706
63, 78, 0.15136
63, 79, -0.160988
63, 80, 0.615354
63, 81, 0.847362
63, 82, 0.642164
63, 83, -1
63, 84, -1
63, 85, 0.615403
63, 86, 0.410186
63, 87, -0.259159
63, 88, 0.24957
63, 89, 0.129101
63, 90, -1
63, 91, -0.285892
63, 92, -1
63, 93, -1
63, 94, -0.210067
63, 95, 0.245076
63, 96, 0.071061
63, 97, -1
63, 98, -1
63, 99, 0.914314
63, 100, 0.722497
63, 101, -1
63, 102, 0.619894
63, 103, 0.392323
63, 104, -1
63, 105, -0.12081
63, 106, -1
63, 107, 0.735894
63, 108, -1
63, 109, -1
63, 110, 0.262981
63, 111, -0.0270552
63, 112, -0.218942
63, 113, -1
63, 114, -0.241294
63, 115, 0.396841
63, 116, -1
63, 117, -0.102952
63, 118, -1
63, 119, 0.530655
63, 120, 0.521774
63, 121, -1
63, 122, -1
63, 123, -1
63, 124, 0.615472
63, 125, 0.51732
63, 126, 0.820695
63, 127, -1
63, 128, -1
63, 129, -1
63, 130, 0.0532823
63, 131, -0.259096
63, 132, -0.138603
63, 133, -1
63, 134, -1
63, 135, -1
63, 136, -0.0359611
63, 137, 0.69134
63, 138, -0.0806252
63, 139, 0.847491
63, 140, -1
63, 141, -0.19219
63, 142, -1
63, 143, -1
63, 144, -1
63, 145, 0.472694
63, 146, 0.887658
63, 147, 0.254059
63, 148, -1
63, 149, -1
63, 150, 0.142547
63, 151, -0.156482
63, 152, -0.303715
63, 153, -1
63, 154, -1
63, 155, -1
63, 156, 0.642299
63, 157, 0.245146
63, 158, -1
63, 159, 0.187139
63, 160, 0.138054
63, 161, -1
63, 162, -1
63, 163, -1
63, 164, -1
63, 165, 0.597697
63, 166, 0.423643
63, 167, 0.843092
63, 168, 0.771709
63, 169, 0.74048
63, 170, -1
63, 171, -1
63, 172, 0.521857
63, 173, 0.0622446
63, 174, -1
63, 175, -1
63, 176, -1
63, 177, 0.57987
63, 178, 0.0666713
63, 179, -1
63, 180, 0.169311
63, 181, 0.91897
63, 182, 0.245175
63, 183, 0.584342
63, 184, 0.450482
63, 185, -1
63, 186, -1
63, 187, 0.093455
63, 188, 0.530806
63, 189, -1
63, 190, 0.280883
63, 191, -1
63, 192, -1
63, 193, 0.19614
63, 194, -0.192159
63, 195, -1
63, 196, 0.486157
63, 197, 0.562015
63, 198, -1
63, 199, 0.0354507
63, 200, -1
63, 201, 0.593257
63, 202, -1
63, 203, 0.718238
63, 204, -1
63, 205, -1
63, 206, 0.887797
63, 207, -1
63, 208, 0.7004
63, 209, -1
63, 210, -1
63, 211, -1
63, 212, 0.330038
63, 213, 0.59774
63, 214, 0.530848
63, 215, -0.0537937
63, 216, 0.499615
63, 217, -1
63, 218, 0.468341
63, 219, -1
63, 220, -1
63, 221, -1
63, 222, 0.173817
63, 223, -1
63, 224, -1
63, 225, 0.285388
63, 226, -0.0493226
63, 227, -1
63, 228, 0.883385
63, 229, -1
63, 230, 0.374646
63, 231, -1
63, 232, 0.776304
63, 233, 0.401466
63, 234, 0.0042394
63, 235, 0.441592
63, 236, 0.682605
63, 237, -0.147503
63, 238, 0.495187
63, 239, 0.919108
63, 240, 0.178299
63, 241, 0.878953
63, 242, 0.307722
63, 243, -1
63, 244, -1
63, 245, -0.156424
63, 246, 0.0310676
63, 247, 0.637961
63, 248, -1
63, 249, -0.160885
63, 250, -1
63, 251, -1
63, 252, 0.593385
63, 253, -1
63, 254, -1
63, 255, -0.0983963
63, 256, -0.120712
63, 257, -0.0939317
63, 258, 0.745121
63, 259, -0.156416
63, 260, 0.455016
63, 261, 0.0979861
63, 262, -1
63, 263, -1
63, 264, -1
63, 265, -0.0090849
63, 266, -0.107275
63, 267, 0.156052
63, 268, -1
63, 269, -0.084997
63, 270, 0.58445
63, 271, 0.700521
63, 272, -1
63, 273, -1
63, 274, 0.602348
63, 275, 0.865644
63, 276, -1
63, 277, 0.544297
63, 278, 0.477357
63, 279, -1
63, 280, 0.87458
63, 281, -0.201036
63, 282, -1
63, 283, -1
63, 284, -1
63, 285, -0.28584
63, 286, 0.178346
63, 287, 0.0712308
63, 288, 0.272074
63, 289, -1
63, 290, 0.42386
63, 291, -0.236739
63, 292, 0.87907
63, 293, 0.111405
63, 294, -0.143004
63, 295, 0.651436
63, 296, -1
63, 297, 0.740736
63, 298, 0.187285
63, 299, 0.495241
63, 300, -1
63, 301, 0.937106
63, 302, -1
63, 303, -1
63, 304, 0.548804
63, 305, -0.13407
63, 306, -1
63, 307, 0.388179
63, 308, 0.495295
63, 309, -1
63, 310, -1
63, 311, 0.459595
63, 312, 0.780892
63, 313, -1
63, 314, 0.772011
63, 315, 0.999619
63, 316, 0.151597
63, 317, -1
63, 318, -1
63, 319, -1
63, 320, 0.120358
63, 321, 0.589
63, 322, -1
63, 323, -1
63, 324, -1
63, 325, 0.0578742
63, 326, -1
63, 327, 0.347996
63, 328, -1
63, 329, 0.464044
63, 330, 0.584593
63, 331, -1
63, 332, -1
63, 333, 0.307834
63, 334, -1
63, 335, 0.99967
63, 336, -1
63, 337, -1
63, 338, -1
63, 339, -1
63, 340, 0.160548
63, 341, 0.852404
63, 342, -0.0447737
63, 343, 0.847945
63, 344, 0.620323
63, 345, -1
63, 346, 0.53102
63, 347, -1
63, 348, 0.423902
63, 349, 0.464074
63, 350, -1
63, 351, -1
63, 352, -1
63, 353, -1
63, 354, 0.964013
63, 355, -1
63, 356, 0.999724
63, 357, -1
63, 358, 0.843515
63, 359, 0.968489
63, 360, 0.111469
63, 361, 0.678337
63, 362, 0.5489
63, 363, 0.477485
63, 364, -1
63, 365, 0.682848
63, 366, -1
63, 367, -1
63, 368, 0.142722
63, 369, -1
63, 370, -1
63, 371, 0.678396
63, 372, -1
63, 373, -0.0224317
63, 374, 0.700679
63, 375, -1
63, 376, 0.839091
63, 377, 0.93729
63, 378, -1
63, 379, -1
63, 380, -1
63, 381, -1
63, 382, -1
63, 383, -1
63, 384, -1
63, 385, 0.557905
63, 386, -1
63, 387, 0.392711
63, 388, -1
63, 389, -1
63, 390, -1
63, 391, 0.642684
63, 392, 0.825736
63, 393, 0.566805
63, 394, -1
63, 395, 0.941797
63, 396, -1
63, 397, -1
63, 398, 0.999831
63, 399, 0.6918
64, 0, -1
64, 1, 0.980975
64, 2, -1
64, 3, -1
64, 4, -1
64, 5, 0.753489
64, 6, -1
64, 7, -0.000405189
64, 8, 0.231592
64, 9, 0.784759
64, 10, 0.633111
64, 11, 0.664336
64, 12, -1
64, 13, 0.762466
64, 14, 0.677682
64, 15, -1
64, 16, 0.575135
64, 17, -1
64, 18, -1
64, 19, 0.79366
64, 20, -1
64, 21, -1
64, 22, 0.909669
64, 23, 0.99887
64, 24, 0.0442259
64, 25, 0.811554
64, 26, -1
64, 27, 0.802638
64, 28, 0.472557
64, 29, 0.401182
64, 30, -1
64, 31, 0.610846
64, 32, -1
64, 33, -1
64, 34, -1
64, 35, -1
64, 36, -1
64, 37, 0.838341
64, 38, 0.173626
64, 39, -1
64, 40, 0.967693
64, 41, 0.842811
64, 42, 0.686697
64, 43, 0.0308566
64, 44, 0.561759
64, 45, -1
64, 46, -1
64, 47, -1
64, 48, -0.0271443
64, 49, -1
64, 50, -1
64, 51, -1
64, 52, 0.347639
64, 53, -1
64, 54, 0.352143
64, 55, -1
64, 56, 0.646576
64, 57, 0.352106
64, 58, 0.481484
64, 59, 0.84281
64, 60, -1
64, 61, 0.57517
64, 62, 0.0933392
64, 63, 0.124573
64, 64, 0.396729
64, 65, -1
64, 66, -1
64, 67, -1
64, 68, 0.682285
64, 69, 0.23166
64, 70, -0.0182033
64, 71, -1
64, 72, -1
64, 73, -1
64, 74, 0.45474
64, 75, 0.41463
64, 76, 0.013036
64, 77, 0.677841
64, 78, 0.419055
64, 79, 0.722414
64, 80, -1
64, 81, 0.811674
64, 82, 0.838441
64, 83, -0.299325
64, 84, 0.561866
64, 85, -1
64, 86, -1
64, 87, 0.575214
64, 88, -1
64, 89, 0.0889423
64, 90, -1
64, 91, -1
64, 92, -1
64, 93, -1
64, 94, -0.285932
64, 95, 0.00858929
64, 96, -1
64, 97, 0.0844472
64, 98, 0.544044
64, 99, -1
64, 100, -1
64, 101, -0.183288
64, 102, -1
64, 103, -1
64, 104, 0.334321
64, 105, -0.0984986
64, 106, 0.811728
64, 107, 0.96786
64, 108, -1
64, 109, 0.129079
64, 110, 0.24063
64, 111, 0.793895
64, 112, -1
64, 113, -1
64, 114, -1
64, 115, 0.459303
64, 116, -1
64, 117, -0.0627908
64, 118, -1
64, 119, -1
64, 120, 0.936666
64, 121, -0.169889
64, 122, -1
64, 123, 0.811764
64, 124, 0.548508
64, 125, -0.120798
64, 126, -1
64, 127, 0.918839
64, 128, 0.660092
64, 129, 0.23623
64, 130, 0.307623
64, 131, 0.245116
64, 132, -1
64, 133, 0.0622087
64, 134, -1
64, 135, -1
64, 136, -1
64, 137, -1
64, 138, -1
64, 139, -1
64, 140, 0.967902
64, 141, -1
64, 142, -1
64, 143, 0.370066
64, 144, -0.125248
64, 145, -1
64, 146, -1
64, 147, 0.285293
64, 148, -0.330535
64, 149, -1
64, 150, 0.477202
64, 151, -1
64, 152, 0.0666475
64, 153, 0.481668
64, 154, -1
64, 155, -1
64, 156, -0.254662
64, 157, -1
64, 158, 0.704763
64, 159, 0.615532
64, 160, -1
64, 161, -0.223419
64, 162, -1
64, 163, -1
64, 164, -1
64, 165, -1
64, 166, -1
64, 167, -1
64, 168, 0.258545
64, 169, -1
64, 170, -1
64, 171, 0.387992
64, 172, -1
64, 173, -1
64, 174, -1
64, 175, 0.343336
64, 176, -1
64, 177, -1
64, 178, 0.584332
64, 179, -1
64, 180, -1
64, 181, -1
64, 182, -1
64, 183, 0.731582
64, 184, -1
64, 185, -0.134147
64, 186, 0.325541
64, 187, -1
64, 188, 0.771748
64, 189, 0.0622175
64, 190, 0.414792
64, 191, 0.155974
64, 192, 0.187173
64, 193, 0.356746
64, 194, 0.446033
64, 195, 0.811919
64, 196, 0.660217
64, 197, 0.660179
64, 198, 0.124703
64, 199, -1
64, 200, 0.575405
64, 201, 0.700384
64, 202, 0.526365
64, 203, 0.6825
64, 204, -0.232322
64, 205, 0.499596
64, 206, -1
64, 207, 0.388001
64, 208, 0.347881
64, 209, 0.182728
64, 210, 0.450519
64, 211, -1
64, 212, 0.530843
64, 213, 0.414824
64, 214, 0.343426
64, 215, 0.356815
64, 216, -1
64, 217, 0.678105
64, 218, 0.13811
64, 219, 0.861053
64, 220, 0.553168
64, 221, -1
64, 222, -0.120734
64, 223, 0.0443958
64, 224, 0.405874
64, 225, -1
64, 226, 0.423767
64, 227, -1
64, 228, 0.38803
64, 229, -1
64, 230, -1
64, 231, -1
64, 232, 0.789688
64, 233, -1
64, 234, 0.392501
64, 235, -1
64, 236, -1
64, 237, 0.704876
64, 238, 0.535307
64, 239, 0.834325
64, 240, -1
64, 241, -1
64, 242, 0.276522
64, 243, 0.513003
64, 244, 0.691543
64, 245, 0.276485
64, 246, -0.138572
64, 247, 0.294379
64, 248, -1
64, 249, -1
64, 250, -1
64, 251, 0.410415
64, 252, -1
64, 253, 0.48182
64, 254, -1
64, 255, 0.571076
64, 256, 0.414885
64, 257, -1
64, 258, -1
64, 259, 0.151539
64, 260, -1
64, 261, 0.231875
64, 262, -1
64, 263, -1
64, 264, 0.874541
64, 265, 0.356881
64, 266, 0.245269
64, 267, 0.593409
64, 268, -1
64, 269, -1
64, 270, -1
64, 271, -1
64, 272, -1
64, 273, -1
64, 274, 0.530943
64, 275, 0.530945
64, 276, 0.423838
64, 277, -1
64, 278, -1
64, 279, 0.142633
64, 280, -1
64, 281, 0.495211
64, 282, 0.87012
64, 283, -1
64, 284, -1
64, 285, -1
64, 286, 0.812115
64, 287, -1
64, 288, -0.0849845
64, 289, 0.0132093
64, 290, -1
64, 291, -0.0715923
64, 292, 0.307822
64, 293, 0.727338
64, 294, 0.383697
64, 295, -0.0849796
64, 296, 0.218524
64, 297, 0.879079
64, 298, 0.821066
64, 299, -0.0939037
64, 300, 0.432758
64, 301, 0.749668
64, 302, 0.856777
64, 303, 0.142657
64, 304, 0.861244
64, 305, 0.26763
64, 306, -1
64, 307, -1
64, 308, -1
64, 309, -1
64, 310, -0.0626519
64, 311, -1
64, 312, -1
64, 313, -1
64, 314, -1
64, 315, 0.129279
64, 316, -1
64, 317, 0.526509
64, 318, 0.535436
64, 319, 0.593458
64, 320, -1
64, 321, 0.767561
64, 322, 0.879137
64, 323, -1
64, 324, -1
64, 325, 0.142679
64, 326, -1
64, 327, -0.303675
64, 328, -1
64, 329, 0.531031
64, 330, 0.633686
64, 331, 0.602446
64, 332, 0.334652
64, 333, -1
64, 334, -1
64, 335, -1
64, 336, -0.102806
64, 337, 0.727425
64, 338, 0.468519
64, 339, 0.597996
64, 340, 0.330158
64, 341, 0.499767
64, 342, 0.647097
64, 343, -1
64, 344, 0.370334
64, 345, 0.816705
64, 346, 0.38819
64, 347, 0.740835
64, 348, -0.00459719
64, 349, -1
64, 350, -1
64, 351, -1
64, 352, 0.477508
64, 353, -1
64, 354, -1
64, 355, 0.147172
64, 356, 0.535498
64, 357, -1
64, 358, -1
64, 359, 0.834548
64, 360, -1
64, 361, 0.490871
64, 362, -1
64, 363, -0.151889
64, 364, 0.664951
64, 365, -1
64, 366, 0.24096
64, 367, -1
64, 368, -1
64, 369, -1
64, 370, 0.267706
64, 371, 0.660541
64, 372, 0.334703
64, 373, -1
64, 374, 0.968524
64, 375, 0.0891632
64, 376, 0.727502
64, 377, -1
64, 378, -1
64, 379, -1
64, 380, -1
64, 381, -1
64, 382, -1
64, 383, -0.0536717
64, 384, -0.169732
64, 385, -1
64, 386, -1
64, 387, 0.147244
64, 388, -1
64, 389, 0.343652
64, 390, -1
64, 391, -1
64, 392, 0.0356124
64, 393, 0.218631
64, 394, 0.29898
64, 395, -1
64, 396, 0.548954
64, 397, -1
64, 398, 0.910556
64, 399, 0.0356183
65, 0, -0.107494
65, 1, -0.0316427
65, 2, -1
65, 3, -1
65, 4, 0.998819
65, 5, 0.998822
65, 6, -1
65, 7, 0.94531
65, 8, 0.976531
65, 9, -1
65, 10, -1
65, 11, 0.280668
65, 12, 0.1156
65, 13, -1
65, 14, -1
65, 15, 0.79815
65, 16, 0.182526
65, 17, -1
65, 18, -1
65, 19, 0.320828
65, 20, -1
65, 21, 0.142378
65, 22, 0.222684
65, 23, -1
65, 24, 0.931972
65, 25, 0.905214
65, 26, -1
65, 27, -1
65, 28, -1
65, 29, 0.923064
65, 30, 0.361033
65, 31, -1
65, 32, -1
65, 33, -0.205599
65, 34, -1
65, 35, -1
65, 36, -1
65, 37, -0.0494632
65, 38, -1
65, 39, 0.798201
65, 40, 0.548368
65, 41, -1
65, 42, -0.0137638
65, 43, 0.923097
65, 44, 0.3967
65, 45, 0.909721
65, 46, -1
65, 47, 0.998929
65, 48, -0.0985379
65, 49, -1
65, 50, -1
65, 51, -1
65, 52, -1
65, 53, -1
65, 54, -1
65, 55, -1
65, 56, -1
65, 57, -1
65, 58, -1
65, 59, 0.700109
65, 60, -1
65, 61, 0.896378
65, 62, -1
65, 63, -1
65, 64, -1
65, 65, -1
65, 66, -1
65, 67, 0.106728
65, 68, -1
65, 69, -1
65, 70, -1
65, 71, -1
65, 72, -1
65, 73, -1
65, 74, -1
65, 75, 0.160318
65, 76, -1
65, 77, -1
65, 78, -0.125291
65, 79, 0.485975
65, 80, 0.436943
65, 81, -1
65, 82, 0.454791
65, 83, 0.90089
65, 84, 0.851825
65, 85, 0.838445
65, 86, 0.245104
65, 87, 0.798303
65, 88, -1
65, 89, -1
65, 90, -1
65, 91, -1
65, 92, -1
65, 93, -1
65, 94, -1
65, 95, -1
65, 96, -1
65, 97, -0.0672683
65, 98, -1
65, 99, -1
65, 100, 0.334315
65, 101, -1
65, 102, 0.722497
65, 103, 0.892015
65, 104, 0.60647
65, 105, 0.758192
65, 106, -0.0181762
65, 107, -1
65, 108, -1
65, 109, -1
65, 110, -1
65, 111, -1
65, 112, -1
65, 113, -1
65, 114, -1
65, 115, -1
65, 116, -1
65, 117, 0.267449
65, 118, 0.53065
65, 119, -1
65, 120, 0.013071
65, 121, 0.441464
65, 122, 0.347728
65, 123, -1
65, 124, 0.883142
65, 125, -1
65, 126, 0.57974
65, 127, -1
65, 128, 0.0309269
65, 129, 0.044355
65, 130, -1
65, 131, -1
65, 132, -1
65, 133, 0.151453
65, 134, 0.735904
65, 135, -1
65, 136, 0.941163
65, 137, 0.941166
65, 138, -0.192152
65, 139, 0.66011
65, 140, -1
65, 141, -1
65, 142, -1
65, 143, 0.94118
65, 144, -1
65, 145, -1
65, 146, 0.718123
65, 147, -1
65, 148, -1
65, 149, -0.0984694
65, 150, -1
65, 151, -1
65, 152, -1
65, 153, -1
65, 154, -1
65, 155, -1
65, 156, -1
65, 157, 0.967982
65, 158, 0.923372
65, 159, 0.11574
65, 160, 0.454866
65, 161, 0.660151
65, 162, 0.606572
65, 163, -1
65, 164, 0.967999
65, 165, -1
65, 166, -1
65, 167, -1
65, 168, 0.490614
65, 169, -1
65, 170, 0.918939
65, 171, 0.918941
65, 172, -1
65, 173, 0.976944
65, 174, -1
65, 175, -1
65, 176, -1
65, 177, -1
65, 178, 0.999264
65, 179, 0.968036
65, 180, 0.115759
65, 181, 0.539716
65, 182, 0.976967
65, 183, 0.972508
65, 184, 0.869895
65, 185, -1
65, 186, -1
65, 187, 0.794053
65, 188, 0.68251
65, 189, -1
65, 190, -1
65, 191, 0.271957
65, 192, 0.521885
65, 193, 0.78068
65, 194, 0.883262
65, 195, -1
65, 196, 0.575397
65, 197, 0.999312
65, 198, 0.999315
65, 199, -1
65, 200, 0.468352
65, 201, -1
65, 202, 0.852089
65, 203, 0.999328
65, 204, 0.941328
65, 205, -1
65, 206, -1
65, 207, 0.477246
65, 208, -1
65, 209, 0.4594
65, 210, -1
65, 211, 0.588809
65, 212, 0.472792
65, 213, 0.874423
65, 214, 0.762876
65, 215, -1
65, 216, -1
65, 217, 0.977054
65, 218, 0.950286
65, 219, -1
65, 220, 0.227365
65, 221, 0.539781
65, 222, -1
65, 223, -1
65, 224, -1
65, 225, 0.803058
65, 226, 0.205058
65, 227, 0.240761
65, 228, -1
65, 229, 0.695974
65, 230, 0.365718
65, 231, 0.517485
65, 232, 0.7763
65, 233, -1
65, 234, 0.111348
65, 235, -1
65, 236, 0.865551
65, 237, 0.919098
65, 238, 0.950335
65, 239, 0.99942
65, 240, -1
65, 241, 0.825403
65, 242, -1
65, 243, 0.553164
65, 244, 0.990508
65, 245, 0.388092
65, 246, -1
65, 247, 0.124789
65, 248, -1
65, 249, 0.727249
65, 250, 0.42376
65, 251, 0.45504
65, 252, -1
65, 253, -1
65, 254, -1
65, 255, -1
65, 256, 0.896832
65, 257, -1
65, 258, 0.812053
65, 259, 0.972697
65, 260, 0.446088
65, 261, 0.749585
65, 262, 0.54427
65, 263, 0.115838
65, 264, 0.798678
65, 265, 0.678193
65, 266, 0.597828
65, 267, 0.339031
65, 268, -1
65, 269, -1
65, 270, 0.999499
65, 271, -1
65, 272, -1
65, 273, 0.0935322
65, 274, 0.388131
65, 275, 0.303337
65, 276, 0.780854
65, 277, 0.727305
65, 278, -1
65, 279, 0.856723
65, 280, -1
65, 281, -0.156404
65, 282, -0.174256
65, 283, -1
65, 284, 0.999535
65, 285, 0.0623008
65, 286, 0.861201
65, 287, 0.825463
65, 288, -1
65, 289, -1
65, 290, -1
65, 291, 0.999553
65, 292, -1
65, 293, 0.54432
65, 294, -1
65, 295, 0.923699
65, 296, 0.0176775
65, 297, 0.026605
65, 298, -0.0492711
65, 299, -1
65, 300, 0.713921
65, 301, 0.343537
65, 302, 0.129265
65, 303, -1
65, 304, -1
65, 305, -1
65, 306, -1
65, 307, 0.995131
65, 308, 0.990671
65, 309, 0.932658
65, 310, -1
65, 311, 0.999604
65, 312, -1
65, 313, 0.977295
65, 314, -1
65, 315, 0.94606
65, 316, 0.490801
65, 317, 0.825568
65, 318, -1
65, 319, 0.754125
65, 320, 0.700612
65, 321, -1
65, 322, -1
65, 323, 0.441757
65, 324, 0.182847
65, 325, 0.481928
65, 326, 0.294433
65, 327, 0.798772
65, 328, -1
65, 329, 0.99965
65, 330, 0.999652
65, 331, 0.999655
65, 332, 0.807749
65, 333, 0.111441
65, 334, 0.932718
65, 335, -1
65, 336, -1
65, 337, 0.79437
65, 338, -1
65, 339, 0.656016
65, 340, 0.553323
65, 341, 0.352475
65, 342, 0.249818
65, 343, 0.455135
65, 344, 0.307885
65, 345, -1
65, 346, -1
65, 347, 0.816707
65, 348, 0.816709
65, 349, -0.12958
65, 350, -1
65, 351, -1
65, 352, -1
65, 353, 0.714025
65, 354, 0.562314
65, 355, 0.656005
65, 356, -1
65, 357, -1
65, 358, 0.89707
65, 359, -1
65, 360, 0.714079
65, 361, -1
65, 362, 0.526619
65, 363, -1
65, 364, 0.0311243
65, 365, 0.647097
65, 366, 0.191859
65, 367, 0.223065
65, 368, -1
65, 369, -1
65, 370, -1
65, 371, 0.120405
65, 372, 0.187361
65, 373, -0.0983176
65, 374, -1
65, 375, -1
65, 376, 0.240929
65, 377, 0.678364
65, 378, -1
65, 379, -1
65, 380, 0.714118
65, 381, -1
65, 382, -1
65, 383, 0.999788
65, 384, -1
65, 385, -1
65, 386, -1
65, 387, -1
65, 388, 0.218664
65, 389, -0.0715235
65, 390, -1
65, 391, -1
65, 392, 0.508813
65, 393, -1
65, 394, -1
65, 395, -1
65, 396, -1
65, 397, -1
65, 398, -1
65, 399, -1
66, 0, -1
66, 1, -1
66, 2, 0.967594
66, 3, 0.704419
66, 4, 0.68212
66, 5, 0.815967
66, 6, 0.00851578
66, 7, -1
66, 8, -1
66, 9, -1
66, 10, -1
66, 11, 0.262822
66, 12, 0.142368
66, 13, -1
66, 14, -1
66, 15, 0.0352932
66, 16, -0.232423
66, 17, -1
66, 18, 0.766933
66, 19, -1
66, 20, 0.213758
66, 21, -1
66, 22, -1
66, 23, -1
66, 24, 0.526037
66, 25, 0.60187
66, 26, -1
66, 27, -0.138711
66, 28, 0.829397
66, 29, -1
66, 30, -1
66, 31, 0.338686
66, 32, -1
66, 33, 0.624187
66, 34, -1
66, 35, 0.459181
66, 36, -1
66, 37, 0.102238
66, 38, 0.548404
66, 39, -1
66, 40, 0.998908
66, 41, 0.900789
66, 42, 0.129012
66, 43, 0.72684
66, 44, 0.905256
66, 45, 0.28963
66, 46, -1
66, 47, -1
66, 48, 0.485926
66, 49, -1
66, 50, -1
66, 51, -1
66, 52, -1
66, 53, 0.0487109
66, 54, 0.517203
66, 55, 0.334256
66, 56, -1
66, 57, 0.490401
66, 58, 0.637655
66, 59, -0.107455
66, 60, 0.784821
66, 61, 0.878494
66, 62, -1
66, 63, 0.998967
66, 64, 0.584134
66, 65, -1
66, 66, 0.048722
66, 67, 0.606444
66, 68, 0.816062
66, 69, 0.775959
66, 70, 0.601989
66, 71, -1
66, 72, -0.272555
66, 73, -1
66, 74, 0.423549
66, 75, -1
66, 76, 0.182587
66, 77, -1
66, 78, -1
66, 79, 0.999008
66, 80, -1
66, 81, -0.187763
66, 82, 0.0130393
66, 83, -1
66, 84, 0.41464
66, 85, -1
66, 86, -1
66, 87, -0.0360405
66, 88, 0.668936
66, 89, 0.726931
66, 90, -1
66, 91, -1
66, 92, -1
66, 93, 0.561878
66, 94, 0.53065
66, 95, -1
66, 96, 0.744788
66, 97, -1
66, 98, -1
66, 99, -1
66, 100, 0.941074
66, 101, 0.682303
66, 102, -1
66, 103, -1
66, 104, 0.374473
66, 105, -1
66, 106, 0.486015
66, 107, 0.59313
66, 108, -1
66, 109, 0.722509
66, 110, -0.0538726
66, 111, -1
66, 112, -1
66, 113, 0.718056
66, 114, -1
66, 115, 0.75821
66, 116, -1
66, 117, -1
66, 118, -1
66, 119, 0.432496
66, 120, -1
66, 121, -1
66, 122, -0.0360142
66, 123, -1
66, 124, -1
66, 125, -1
66, 126, -1
66, 127, 0.280845
66, 128, -1
66, 129, -1
66, 130, 0.883153
66, 131, 0.619941
66, 132, -1
66, 133, -1
66, 134, -1
66, 135, -1
66, 136, -1
66, 137, -1
66, 138, 0.740412
66, 139, -1
66, 140, -1
66, 141, -1
66, 142, -1
66, 143, -1
66, 144, -1
66, 145, -1
66, 146, 0.22286
66, 147, 0.254096
66, 148, -1
66, 149, -1
66, 150, -1
66, 151, -0.241277
66, 152, -1
66, 153, -1
66, 154, 0.102347
66, 155, -1
66, 156, -1
66, 157, 0.361158
66, 158, 0.521789
66, 159, -1
66, 160, -1
66, 161, -1
66, 162, 0.909995
66, 163, 0.76277
66, 164, -1
66, 165, 0.361169
66, 166, -1
66, 167, -1
66, 168, 0.82078
66, 169, -1
66, 170, -1
66, 171, 0.941246
66, 172, -1
66, 173, -1
66, 174, 0.620017
66, 175, 0.517395
66, 176, -1
66, 177, 0.923374
66, 178, -1
66, 179, -1
66, 180, -1
66, 181, -0.272502
66, 182, -0.227872
66, 183, 0.343344
66, 184, 0.41474
66, 185, -0.107371
66, 186, -1
66, 187, 0.173778
66, 188, 0.878825
66, 189, 0.892212
66, 190, 0.923405
66, 191, 0.727132
66, 192, -1
66, 193, -1
66, 194, -1
66, 195, 0.437107
66, 196, 0.709295
66, 197, 0.405834
66, 198, 0.999312
66, 199, -0.218936
66, 200, 0.642333
66, 201, 0.950242
66, 202, -1
66, 203, -0.259102
66, 204, 0.383572
66, 205, 0.508518
66, 206, 0.499595
66, 207, 0.271975
66, 208, -1
66, 209, -1
66, 210, 0.811947
66, 211, 0.062235
66, 212, -1
66, 213, 0.477294
66, 214, 0.687019
66, 215, 0.0890152
66, 216, -1
66, 217, -1
66, 218, -1
66, 219, 0.999366
66, 220, 0.825355
66, 221, -0.129663
66, 222, 0.53974
66, 223, 0.160427
66, 224, 0.00422897
66, 225, -1
66, 226, -1
66, 227, 0.548714
66, 228, 0.535288
66, 229, 0.633501
66, 230, -1
66, 231, 0.370221
66, 232, -1
66, 233, -1
66, 234, 0.629048
66, 235, 0.3256
66, 236, 0.321099
66, 237, 0.736148
66, 238, -1
66, 239, 0.990493
66, 240, 0.700456
66, 241, 0.664719
66, 242, -1
66, 243, -1
66, 244, 0.236316
66, 245, 0.45503
66, 246, 0.936925
66, 247, 0.870036
66, 248, 0.272023
66, 249, -1
66, 250, -0.290322
66, 251, -1
66, 252, -1
66, 253, -1
66, 254, -1
66, 255, 0.499671
66, 256, 0.704949
66, 257, -1
66, 258, -1
66, 259, -1
66, 260, 0.749581
66, 261, 0.196169
66, 262, 0.762973
66, 263, 0.901308
66, 264, -0.0403705
66, 265, 0.709429
66, 266, 0.0533571
66, 267, 0.642494
66, 268, 0.187251
66, 269, 0.00426508
66, 270, 0.106918
66, 271, -1
66, 272, -1
66, 273, -0.27692
66, 274, -1
66, 275, 0.446148
66, 276, -1
66, 277, 0.258668
66, 278, -1
66, 279, 0.611277
66, 280, 0.222968
66, 281, 0.0846123
66, 282, 0.901353
66, 283, 0.794254
66, 284, -1
66, 285, 0.785333
66, 286, -0.160864
66, 287, 0.459555
66, 288, 0.289963
66, 289, 0.263186
66, 290, 0.236408
66, 291, -0.0314237
66, 292, 0.124832
66, 293, -1
66, 294, -1
66, 295, -1
66, 296, -1
66, 297, 0.999565
66, 298, 0.923703
66, 299, 0.79871
66, 300, 0.205137
66, 301, 0.160506
66, 302, 0.660409
66, 303, 0.196214
66, 304, 0.669339
66, 305, 0.312259
66, 306, -1
66, 307, 0.330154
66, 308, -1
66, 309, -1
66, 310, -1
66, 311, -0.169776
66, 312, -0.218875
66, 313, 0.687207
66, 314, -1
66, 315, 0.298882
66, 316, 0.660395
66, 317, -1
66, 318, -1
66, 319, 0.0489395
66, 320, 0.999624
66, 321, -1
66, 322, 0.798799
66, 323, 0.691649
66, 324, 0.687228
66, 325, -1
66, 326, -1
66, 327, -1
66, 328, 0.312287
66, 329, -1
66, 330, -1
66, 331, 0.348038
66, 332, 0.258772
66, 333, -1
66, 334, -1
66, 335, -1
66, 336, -1
66, 337, -1
66, 338, 0.79437
66, 339, 0.852392
66, 340, -1
66, 341, -0.241178
66, 342, -1
66, 343, 0.0489602
66, 344, -1
66, 345, -1
66, 346, 0.415008
66, 347, -0.084945
66, 348, -1
66, 349, -1
66, 350, -1
66, 351, -1
66, 352, -1
66, 353, 0.397124
66, 354, 0.321247
66, 355, 0.263222
66, 356, 0.392665
66, 357, 0.999719
66, 358, 0.843508
66, 359, -1
66, 360, 0.847976
66, 361, 0.562283
66, 362, 0.910467
66, 363, -0.254557
66, 364, -1
66, 365, 0.999739
66, 366, -1
66, 367, 0.37933
66, 368, 0.272205
66, 369, -1
66, 370, -1
66, 371, 0.620366
66, 372, 0.709596
66, 373, 0.772087
66, 374, -1
66, 375, 0.0846976
66, 376, 0.740849
66, 377, 0.736427
66, 378, -1
66, 379, 0.821197
66, 380, 0.651586
66, 381, 0.825705
66, 382, 0.999783
66, 383, 0.830133
66, 384, -1
66, 385, 0.892667
66, 386, -1
66, 387, 0.821255
66, 388, 0.151666
66, 389, -0.0224217
66, 390, 0.464131
66, 391, -1
66, 392, -1
66, 393, -1
66, 394, 0.245412
66, 395, -1
66, 396, -1
66, 397, 0.999821
66, 398, 0.870339
66, 399, -1
67, 0, -1
67, 1, -1
67, 2, 0.766857
67, 3, -1
67, 4, -0.219043
67, 5, 0.0575919
67, 6, -0.0584111
67, 7, 0.561693
67, 8, -1
67, 9, 0.526011
67, 10, -1
67, 11, 0.302971
67, 12, -1
67, 13, 0.0219057
67, 14, -1
67, 15, -0.0807139
67, 16, -0.169953
67, 17, -1
67, 18, 0.789232
67, 19, 0.891775
67, 20, 0.958716
67, 21, -1
67, 22, 0.771399
67, 23, 0.548337
67, 24, -1
67, 25, -1
67, 26, 0.432401
67, 27, -1
67, 28, 0.244995
67, 29, -1
67, 30, -1
67, 31, -1
67, 32, -1
67, 33, -1
67, 34, -0.192253
67, 35, -1
67, 36, 0.744666
67, 37, -1
67, 38, -1
67, 39, -1
67, 40, -1
67, 41, 0.758057
67, 42, 0.298548
67, 43, -1
67, 44, 0.361008
67, 45, -1
67, 46, -1
67, 47, 0.178094
67, 48, -1
67, 49, -1
67, 50, 0.900808
67, 51, 0.142446
67, 52, -1
67, 53, 0.646565
67, 54, -1
67, 55, 0.530546
67, 56, -0.134231
67, 57, 0.369988
67, 58, 0.267377
67, 59, -1
67, 60, -1
67, 61, 0.668844
67, 62, -0.0405221
67, 63, 0.521637
67, 64, -1
67, 65, 0.972208
67, 66, 0.998972
67, 67, 0.92761
67, 68, 0.0576468
67, 69, -1
67, 70, 0.503843
67, 71, 0.998985
67, 72, -1
67, 73, -1
67, 74, 0.909785
67, 75, -1
67, 76, 0.945473
67, 77, -1
67, 78, 0.441398
67, 79, 0.405709
67, 80, -1
67, 81, -1
67, 82, 0.713492
67, 83, -1
67, 84, 0.771527
67, 85, 0.927653
67, 86, 0.8206
67, 87, 0.891973
67, 88, 0.775996
67, 89, -1
67, 90, 0.718009
67, 91, 0.780463
67, 92, 0.383379
67, 93, 0.932133
67, 94, -1
67, 95, 0.851845
67, 96, -1
67, 97, -1
67, 98, -1
67, 99, -1
67, 100, 0.120144
67, 101, 0.744797
67, 102, -1
67, 103, 0.58866
67, 104, 0.793873
67, 105, 0.878632
67, 106, 0.896478
67, 107, 0.829567
67, 108, 0.83403
67, 109, -1
67, 110, -1
67, 111, 0.887568
67, 112, 0.829538
67, 113, -1
67, 114, 0.999095
67, 115, -1
67, 116, -1
67, 117, 0.78944
67, 118, -0.0672547
67, 119, -0.20113
67, 120, 0.820674
67, 121, 0.776065
67, 122, -1
67, 123, -1
67, 124, -1
67, 125, -1
67, 126, 0.312036
67, 127, -1
67, 128, -1
67, 129, 0.758237
67, 130, 0.802851
67, 131, -1
67, 132, -1
67, 133, 0.798396
67, 134, 0.829626
67, 135, 0.731481
67, 136, 0.0130824
67, 137, -1
67, 138, 0.936702
67, 139, -1
67, 140, -1
67, 141, 0.642264
67, 142, 0.352213
67, 143, 0.673498
67, 144, 0.740422
67, 145, 0.557501
67, 146, -0.268016
67, 147, 0.147003
67, 148, 0.463809
67, 149, -1
67, 150, -1
67, 151, -1
67, 152, 0.999192
67, 153, 0.945661
67, 154, -1
67, 155, 0.642289
67, 156, -1
67, 157, 0.856445
67, 158, 0.686871
67, 159, -1
67, 160, 0.539679
67, 161, -1
67, 162, -0.022597
67, 163, -1
67, 164, -1
67, 165, -1
67, 166, -1
67, 167, -1
67, 168, -1
67, 169, -1
67, 170, -1
67, 171, -0.0136648
67, 172, -1
67, 173, -1
67, 174, 0.691403
67, 175, -1
67, 176, 0.771717
67, 177, 0.762796
67, 178, 0.798491
67, 179, 0.361186
67, 180, -1
67, 181, 0.620027
67, 182, 0.615567
67, 183, 0.276408
67, 184, -1
67, 185, -0.160886
67, 186, 0.106878
67, 187, -1
67, 188, -1
67, 189, -1
67, 190, -1
67, 191, -1
67, 192, -1
67, 193, 0.731596
67, 194, 0.539734
67, 195, -1
67, 196, 0.115813
67, 197, 0.624477
67, 198, 0.637865
67, 199, 0.816383
67, 200, 0.611137
67, 201, 0.539705
67, 202, -1
67, 203, -1
67, 204, -0.241209
67, 205, -1
67, 206, -1
67, 207, -1
67, 208, -1
67, 209, -1
67, 210, -1
67, 211, -1
67, 212, 0.883339
67, 213, 0.606657
67, 214, -1
67, 215, 0.325534
67, 216, -1
67, 217, -1
67, 218, 0.758378
67, 219, 0.178273
67, 220, 0.0131507
67, 221, -1
67, 222, -1
67, 223, 0.0220789
67, 224, -0.0671386
67, 225, -1
67, 226, -1
67, 227, -1
67, 228, 0.0176201
67, 229, -0.0492831
67, 230, -1
67, 231, 0.396955
67, 232, 0.325595
67, 233, 0.789684
67, 234, -1
67, 235, -1
67, 236, 0.218455
67, 237, -1
67, 238, 0.999412
67, 239, 0.892326
67, 240, 0.954797
67, 241, 0.526423
67, 242, -0.0939447
67, 243, -1
67, 244, -1
67, 245, 0.0444524
67, 246, -1
67, 247, -1
67, 248, 0.343466
67, 249, -1
67, 250, -1
67, 251, -1
67, 252, -1
67, 253, -1
67, 254, -1
67, 255, 0.611233
67, 256, -1
67, 257, 0.767423
67, 258, 0.843285
67, 259, 0.847749
67, 260, 0.901299
67, 261, 0.812014
67, 262, 0.60228
67, 263, -1
67, 264, -1
67, 265, 0.651414
67, 266, -1
67, 267, -1
67, 268, -1
67, 269, 0.713897
67, 270, 0.97272
67, 271, 0.879013
67, 272, -1
67, 273, 0.629116
67, 274, 0.258664
67, 275, 0.901334
67, 276, 0.338999
67, 277, -1
67, 278, -1
67, 279, -1
67, 280, -1
67, 281, 0.94151
67, 282, -1
67, 283, 0.928128
67, 284, 0.941518
67, 285, -1
67, 286, -1
67, 287, 0.298887
67, 288, 0.339055
67, 289, -1
67, 290, 0.597866
67, 291, -1
67, 292, -0.0224971
67, 293, -1
67, 294, -1
67, 295, -1
67, 296, -1
67, 297, -1
67, 298, 0.785358
67, 299, -1
67, 300, 0.923706
67, 301, -1
67, 302, 0.0980203
67, 303, -1
67, 304, -1
67, 305, 0.432802
67, 306, -1
67, 307, -1
67, 308, 0.298912
67, 309, -1
67, 310, 0.999596
67, 311, 0.785345
67, 312, -1
67, 313, -1
67, 314, -1
67, 315, -1
67, 316, -0.147456
67, 317, -1
67, 318, -0.29029
67, 319, -1
67, 320, -0.214407
67, 321, 0.102501
67, 322, 0.263183
67, 323, 0.285541
67, 324, -1
67, 325, 0.535483
67, 326, -0.276895
67, 327, -1
67, 328, 0.33018
67, 329, 0.999645
67, 330, -1
67, 331, 0.481894
67, 332, -1
67, 333, -1
67, 334, -0.138518
67, 335, -0.241141
67, 336, -1
67, 337, 0.379288
67, 338, 0.312339
67, 339, 0.254276
67, 340, -1
67, 341, -1
67, 342, -1
67, 343, 0.12488
67, 344, -0.0447751
67, 345, -1
67, 346, 0.0489619
67, 347, 0.714049
67, 348, 0.999693
67, 349, -1
67, 350, -1
67, 351, 0.673888
67, 352, -1
67, 353, -0.138506
67, 354, 0.0668232
67, 355, 0.209699
67, 356, -1
67, 357, -1
67, 358, 0.263225
67, 359, -1
67, 360, 0.633694
67, 361, -1
67, 362, -1
67, 363, 0.705114
67, 364, -0.00905061
67, 365, -1
67, 366, -1
67, 367, 0.410533
67, 368, 0.999744
67, 369, 0.999747
67, 370, 0.999749
67, 371, -0.276873
67, 372, 0.0490246
67, 373, -0.0670322
67, 374, -1
67, 375, -1
67, 376, 0.321313
67, 377, -1
67, 378, 0.557846
67, 379, -1
67, 380, 0.781066
67, 381, 0.65605
67, 382, 0.825705
67, 383, -1
67, 384, 0.723049
67, 385, 0.423949
67, 386, 0.633741
67, 387, 0.973012
67, 388, -1
67, 389, 0.999798
67, 390, 0.598079
67, 391, 0.10703
67, 392, -1
67, 393, -1
67, 394, -1
67, 395, -1
67, 396, 0.486497
67, 397, 0.459716
67, 398, 0.888231
67, 399, 0.548954
68, 0, 0.191428
68, 1, 0.842673
68, 2, 0.757975
68, 3, -1
68, 4, -1
68, 5, -0.214581
68, 6, -1
68, 7, 0.592915
68, 8, -1
68, 9, -0.103028
68, 10, 0.811513
68, 11, 0.539435
68, 12, -1
68, 13, 0.204826
68, 14, 0.989917
68, 15, 0.945322
68, 16, 0.905186
68, 17, -1
68, 18, 0.414504
68, 19, 0.454653
68, 20, 0.998852
68, 21, -1
68, 22, -1
68, 23, 0.856142
68, 24, -1
68, 25, 0.998865
68, 26, -1
68, 27, -1
68, 28, 0.624215
68, 29, 0.472552
68, 30, -1
68, 31, 0.423485
68, 32, -1
68, 33, -1
68, 34, 0.597462
68, 35, -1
68, 36, -1
68, 37, 0.838333
68, 38, 0.481447
68, 39, -1
68, 40, -1
68, 41, -1
68, 42, -1
68, 43, 0.820505
68, 44, -1
68, 45, 0.856191
68, 46, 0.320858
68, 47, 0.539493
68, 48, -1
68, 49, 0.499308
68, 50, -1
68, 51, 0.588529
68, 52, 0.120097
68, 53, -1
68, 54, -0.0449909
68, 55, 0.347678
68, 56, -1
68, 57, -0.143156
68, 58, -0.134231
68, 59, 0.209337
68, 60, 0.798239
68, 61, 0.236109
68, 62, -1
68, 63, 0.891875
68, 64, -1
68, 65, -1
68, 66, 0.187036
68, 67, -0.160999
68, 68, -1
68, 69, 0.316466
68, 70, 0.280775
68, 71, 0.289699
68, 72, -0.0360533
68, 73, 0.245086
68, 74, -1
68, 75, -0.000354218
68, 76, -1
68, 77, 0.169201
68, 78, -0.299329
68, 79, -0.0226616
68, 80, -1
68, 81, 0.825007
68, 82, -1
68, 83, 0.96333
68, 84, -0.10744
68, 85, -1
68, 86, -1
68, 87, -1
68, 88, -1
68, 89, 0.374451
68, 90, 0.222756
68, 91, -1
68, 92, 0.0309346
68, 93, 0.0665918
68, 94, 0.142447
68, 95, -1
68, 96, 0.34769
68, 97, 0.365578
68, 98, -1
68, 99, -1
68, 100, 0.753714
68, 101, 0.93661
68, 102, 0.32539
68, 103, -1
68, 104, 0.535084
68, 105, 0.494974
68, 106, 0.0710654
68, 107, -1
68, 108, -1
68, 109, 0.713583
68, 110, -1
68, 111, -1
68, 112, -1
68, 113, -1
68, 114, -1
68, 115, -1
68, 116, -1
68, 117, -1
68, 118, 0.410183
68, 119, 0.361106
68, 120, 0.164783
68, 121, -1
68, 122, 0.740335
68, 123, 0.909898
68, 124, 0.231717
68, 125, -1
68, 126, 0.294227
68, 127, -0.111834
68, 128, -1
68, 129, -1
68, 130, 0.758237
68, 131, -0.000309614
68, 132, 0.0398927
68, 133, -1
68, 134, -1
68, 135, -1
68, 136, 0.6021
68, 137, 0.731483
68, 138, -1
68, 139, 0.856402
68, 140, 0.245122
68, 141, 0.0844835
68, 142, -1
68, 143, -1
68, 144, 0.793956
68, 145, -1
68, 146, -1
68, 147, 0.535194
68, 148, -1
68, 149, -1
68, 150, -1
68, 151, -0.0538441
68, 152, 0.566434
68, 153, 0.271909
68, 154, -0.178797
68, 155, 0.365615
68, 156, 0.735982
68, 157, -1
68, 158, -1
68, 159, 0.843063
68, 160, 0.843065
68, 161, 0.9546
68, 162, -1
68, 163, 0.6378
68, 164, 0.834151
68, 165, -1
68, 166, 0.0399216
68, 167, 0.173755
68, 168, 0.700313
68, 169, -1
68, 170, -1
68, 171, -1
68, 172, -1
68, 173, -0.174323
68, 174, -1
68, 175, 0.776175
68, 176, 0.735982
68, 177, 0.968024
68, 178, 0.767218
68, 179, 0.968029
68, 180, 0.999261
68, 181, 0.932302
68, 182, -1
68, 183, 0.637836
68, 184, -1
68, 185, -1
68, 186, 0.240752
68, 187, -1
68, 188, -0.263573
68, 189, 0.548648
68, 190, 0.218404
68, 191, -1
68, 192, -0.00918649
68, 193, -1
68, 194, 0.798523
68, 195, -1
68, 196, 0.441528
68, 197, -1
68, 198, 0.825302
68, 199, -1
68, 200, -1
68, 201, 0.164865
68, 202, -1
68, 203, 0.820811
68, 204, -1
68, 205, 0.27197
68, 206, -1
68, 207, 0.280938
68, 208, -1
68, 209, 0.0800825
68, 210, -1
68, 211, 0.486213
68, 212, -1
68, 213, 0.727172
68, 214, -1
68, 215, -1
68, 216, -1
68, 217, 0.820882
68, 218, -1
68, 219, 0.463873
68, 220, 0.664676
68, 221, 0.454951
68, 222, 0.896706
68, 223, 0.816433
68, 224, 0.713807
68, 225, -1
68, 226, 0.481773
68, 227, 0.370213
68, 228, 0.200595
68, 229, -1
68, 230, -1
68, 231, 0.780753
68, 232, 0.499592
68, 233, -1
68, 234, -1
68, 235, 0.79861
68, 236, 0.736102
68, 237, -1
68, 238, 0.936942
68, 239, 0.999412
68, 240, 0.316638
68, 241, -1
68, 242, -1
68, 243, -1
68, 244, -1
68, 245, -1
68, 246, 0.361273
68, 247, 0.356852
68, 248, -1
68, 249, -1
68, 250, -0.201057
68, 251, -1
68, 252, 0.133677
68, 253, -0.11175
68, 254, -1
68, 255, -1
68, 256, 0.575533
68, 257, 0.968223
68, 258, -1
68, 259, -1
68, 260, -1
68, 261, 0.700492
68, 262, 0.999471
68, 263, 0.655831
68, 264, -1
68, 265, -1
68, 266, -1
68, 267, -1
68, 268, -1
68, 269, 0.0712507
68, 270, -1
68, 271, 0.388083
68, 272, 0.709439
68, 273, -1
68, 274, 0.593414
68, 275, -0.138556
68, 276, 0.0622903
68, 277, -1
68, 278, -1
68, 279, -1
68, 280, -0.254601
68, 281, -1
68, 282, 0.227431
68, 283, 0.905813
68, 284, 0.669298
68, 285, -0.0626728
68, 286, 0.68269
68, 287, 0.361367
68, 288, -1
68, 289, 0.59344
68, 290, -1
68, 291, -1
68, 292, 0.0489146
68, 293, 0.84336
68, 294, -1
68, 295, 0.816588
68, 296, 0.655932
68, 297, -1
68, 298, -1
68, 299, 0.602343
68, 300, -1
68, 301, -1
68, 302, -1
68, 303, 0.214064
68, 304, -1
68, 305, 0.999581
68, 306, 0.754133
68, 307, -0.120682
68, 308, 0.231963
68, 309, 0.392598
68, 310, 0.0310766
68, 311, -1
68, 312, 0.794311
68, 313, 0.999601
68, 314, 0.450665
68, 315, 0.468519
68, 316, -1
68, 317, 0.1873
68, 318, -0.0403317
68, 319, -1
68, 320, -1
68, 321, 0.258717
68, 322, -1
68, 323, -0.107281
68, 324, -1
68, 325, -1
68, 326, 0.950543
68, 327, 0.370306
68, 328, 0.263188
68, 329, 0.240913
68, 330, -1
68, 331, -1
68, 332, 0.736334
68, 333, -0.0313934
68, 334, -1
68, 335, 0.455119
68, 336, 0.490867
68, 337, 0.664933
68, 338, 0.620304
68, 339, 0.178396
68, 340, 0.182861
68, 341, -1
68, 342, 0.0802023
68, 343, -1
68, 344, -0.0269215
68, 345, -1
68, 346, 0.888109
68, 347, -0.0135283
68, 348, 0.580152
68, 349, -1
68, 350, 0.397117
68, 351, 0.0445017
68, 352, 0.696204
68, 353, -0.290274
68, 354, 0.749727
68, 355, -1
68, 356, 0.102533
68, 357, -1
68, 358, -1
68, 359, 0.968476
68, 360, 0.986332
68, 361, -1
68, 362, 0.562282
68, 363, -1
68, 364, -1
68, 365, 0.401642
68, 366, -0.138498
68, 367, 0.602501
68, 368, 0.61143
68, 369, -1
68, 370, 0.999747
68, 371, -1
68, 372, -1
68, 373, 0.0980851
68, 374, -1
68, 375, 0.27217
68, 376, 0.111479
68, 377, 0.8614
68, 378, -1
68, 379, 0.910502
68, 380, 0.968529
68, 381, -1
68, 382, -1
68, 383, -1
68, 384, 0.606954
68, 385, 0.455193
68, 386, -0.151877
68, 387, 0.379354
68, 388, 0.44631
68, 389, -0.0670618
68, 390, -1
68, 391, -0.0536688
68, 392, 0.182915
68, 393, 0.325757
68, 394, -0.205439
68, 395, 0.214165
68, 396, -1
68, 397, 0.758782
68, 398, 0.946255
68, 399, 0.999821
69, 0, 0.749049
69, 1, 0.802572
69, 2, 0.90961
69, 3, 0.369873
69, 4, 0.708916
69, 5, 0.650935
69, 6, -1
69, 7, -1
69, 8, 0.0531312
69, 9, -1
69, 10, -1
69, 11, -1
69, 12, -1
69, 13, 0.628647
69, 14, -1
69, 15, 0.833782
69, 16, -0.147644
69, 17, 0.285131
69, 18, -1
69, 19, 0.856131
69, 20, 0.673224
69, 21, 0.905195
69, 22, 0.0263732
69, 23, 0.92304
69, 24, -0.196722
69, 25, 0.584023
69, 26, -1
69, 27, 0.231608
69, 28, 0.289606
69, 29, 0.873994
69, 30, -0.174408
69, 31, -1
69, 32, 0.526045
69, 33, -1
69, 34, 0.842784
69, 35, 0.365455
69, 36, 0.191465
69, 37, 0.874012
69, 38, 0.740205
69, 39, 0.954298
69, 40, 0.91416
69, 41, -1
69, 42, 0.914165
69, 43, 0.668847
69, 44, -1
69, 45, 0.593018
69, 46, -0.174399
69, 47, -1
69, 48, -1
69, 49, -1
69, 50, -1
69, 51, 0.593029
69, 52, 0.731312
69, 53, -1
69, 54, 0.780382
69, 55, -1
69, 56, 0.793768
69, 57, 0.963263
69, 58, 0.481516
69, 59, -1
69, 60, -1
69, 61, -1
69, 62, 0.668882
69, 63, 0.637658
69, 64, 0.450297
69, 65, 0.0799518
69, 66, 0.584133
69, 67, -1
69, 68, -1
69, 69, -1
69, 70, 0.254004
69, 71, 0.213851
69, 72, -1
69, 73, 0.307506
69, 74, 0.383352
69, 75, -0.0271275
69, 76, 0.222739
69, 77, 0.267397
69, 78, -0.183304
69, 79, 0.624264
69, 80, 0.941018
69, 81, -1
69, 82, -1
69, 83, 0.218285
69, 84, -1
69, 85, 0.570782
69, 86, 0.477098
69, 87, 0.213868
69, 88, -1
69, 89, -1
69, 90, 0.0220079
69, 91, -1
69, 92, 0.164794
69, 93, -1
69, 94, 0.178181
69, 95, 0.378919
69, 96, -1
69, 97, 0.396768
69, 98, 0.236149
69, 99, -1
69, 100, 0.762594
69, 101, -0.0583436
69, 102, 0.593117
69, 103, -1
69, 104, 0.646655
69, 105, -1
69, 106, -1
69, 107, 0.0309463
69, 108, 0.120149
69, 109, -1
69, 110, -1
69, 111, -1
69, 112, -1
69, 113, -1
69, 114, -0.214522
69, 115, 0.115734
69, 116, 0.155894
69, 117, -1
69, 118, -1
69, 119, -1
69, 120, -1
69, 121, -1
69, 122, -1
69, 123, 0.526231
69, 124, -0.192203
69, 125, -1
69, 126, -0.165426
69, 127, -1
69, 128, 0.0175366
69, 129, 0.24961
69, 130, -1
69, 131, -1
69, 132, -1
69, 133, -0.116333
69, 134, -1
69, 135, 0.0309697
69, 136, -0.125256
69, 137, 0.932234
69, 138, 0.0398566
69, 139, -1
69, 140, -1
69, 141, 0.664568
69, 142, -1
69, 143, 0.727032
69, 144, -1
69, 145, 0.468263
69, 146, -0.241281
69, 147, 0.646733
69, 148, 0.173735
69, 149, 0.463767
69, 150, -1
69, 151, -0.116321
69, 152, -0.272518
69, 153, -1
69, 154, -1
69, 155, 0.0175587
69, 156, 0.503974
69, 157, 0.575324
69, 158, 0.829675
69, 159, -0.272514
69, 160, -1
69, 161, -0.178793
69, 162, -1
69, 163, -1
69, 164, 0.387976
69, 165, 0.361205
69, 166, 0.825231
69, 167, -1
69, 168, 0.807389
69, 169, -0.276972
69, 170, -0.192177
69, 171, 0.227347
69, 172, -1
69, 173, -1
69, 174, 0.0622403
69, 175, -1
69, 176, -0.232339
69, 177, 0.392456
69, 178, 0.678022
69, 179, -1
69, 180, 0.0666678
69, 181, 0.954647
69, 182, -0.290355
69, 183, 0.544175
69, 184, 0.664648
69, 185, 0.789579
69, 186, -1
69, 187, 0.441513
69, 188, -1
69, 189, 0.463867
69, 190, 0.173778
69, 191, -1
69, 192, 0.263069
69, 193, -1
69, 194, -0.040425
69, 195, -0.156459
69, 196, -1
69, 197, -1
69, 198, 0.691405
69, 199, 0.740488
69, 200, 0.267501
69, 201, 0.678025
69, 202, 0.785112
69, 203, 0.321054
69, 204, 0.383568
69, 205, 0.486202
69, 206, -0.0404161
69, 207, 0.294324
69, 208, 0.423735
69, 209, -1
69, 210, 0.205077
69, 211, 0.120248
69, 212, -0.107315
69, 213, -1
69, 214, -1
69, 215, -0.143057
69, 216, 0.334457
69, 217, -1
69, 218, 0.936891
69, 219, 0.847615
69, 220, 0.338925
69, 221, -1
69, 222, 0.816429
69, 223, -1
69, 224, -1
69, 225, -1
69, 226, 0.446032
69, 227, -1
69, 228, -0.116271
69, 229, -1
69, 230, 0.570985
69, 231, 0.0310097
69, 232, -0.0671747
69, 233, 0.361295
69, 234, -1
69, 235, 0.606732
69, 236, 0.151511
69, 237, -1
69, 238, 0.87447
69, 239, 0.95479
69, 240, -1
69, 241, 0.164905
69, 242, -1
69, 243, 0.687069
69, 244, 0.700458
69, 245, 0.160446
69, 246, -1
69, 247, 0.441641
69, 248, -1
69, 249, 0.325614
69, 250, -0.0939406
69, 251, -1
69, 252, 0.477349
69, 253, -1
69, 254, -1
69, 255, 0.477353
69, 256, -1
69, 257, 0.571071
69, 258, 0.597848
69, 259, 0.392528
69, 260, 0.905716
69, 261, -1
69, 262, 0.88345
69, 263, -1
69, 264, 0.655871
69, 265, 0.0399643
69, 266, 0.410429
69, 267, -1
69, 268, -0.169804
69, 269, -1
69, 270, 0.530928
69, 271, -0.120706
69, 272, 0.704974
69, 273, -1
69, 274, -1
69, 275, -1
69, 276, -1
69, 277, -1
69, 278, -1
69, 279, -1
69, 280, 0.852254
69, 281, -1
69, 282, -1
69, 283, -1
69, 284, -1
69, 285, 0.437233
69, 286, -1
69, 287, -1
69, 288, -1
69, 289, -0.0269642
69, 290, -1
69, 291, 0.178386
69, 292, 0.0801564
69, 293, -1
69, 294, 0.490801
69, 295, -1
69, 296, 0.0310641
69, 297, -0.0849817
69, 298, -1
69, 299, 0.575564
69, 300, 0.941552
69, 301, -0.223346
69, 302, 0.905855
69, 303, -1
69, 304, -1
69, 305, -1
69, 306, -1
69, 307, -1
69, 308, -1
69, 309, -1
69, 310, -1
69, 311, 0.187333
69, 312, -1
69, 313, 0.120345
69, 314, 0.566703
69, 315, -1
69, 316, -1
69, 317, 0.763039
69, 318, -0.321536
69, 319, -1
69, 320, -1
69, 321, 0.47295
69, 322, -1
69, 323, 0.0667941
69, 324, -1
69, 325, 0.414934
69, 326, 0.696152
69, 327, -0.218868
69, 328, -1
69, 329, -1
69, 330, -1
69, 331, 0.504247
69, 332, -1
69, 333, 0.624756
69, 334, -1
69, 335, -0.312601
69, 336, 0.870231
69, 337, -1
69, 338, -0.00014551
69, 339, 0.446197
69, 340, -1
69, 341, 0.138226
69, 342, -1
69, 343, -0.0670954
69, 344, 0.745282
69, 345, 0.401613
69, 346, 0.276599
69, 347, -1
69, 348, -0.272422
69, 349, -0.22332
69, 350, -1
69, 351, -0.0179896
69, 352, -1
69, 353, -1
69, 354, 0.6605
69, 355, -1
69, 356, 0.879203
69, 357, 0.11146
69, 358, 0.214123
69, 359, 0.874747
69, 360, 0.905992
69, 361, -1
69, 362, -0.218849
69, 363, 0.852439
69, 364, 0.584641
69, 365, -1
69, 366, -1
69, 367, 0.196279
69, 368, 0.566794
69, 369, -1
69, 370, -1
69, 371, -1
69, 372, 0.714094
69, 373, -1
69, 374, -0.196523
69, 375, 0.789938
69, 376, 0.794444
69, 377, 0.24539
69, 378, 0.714066
69, 379, -0.294726
69, 380, -1
69, 381, 0.941748
69, 382, 0.133802
69, 383, 0.740897
69, 384, -1
69, 385, -1
69, 386, 0.803392
69, 387, 0.937299
69, 388, 0.343604
69, 389, -1
69, 390, 0.379316
69, 391, -1
69, 392, -1
69, 393, 0.839116
69, 394, 0.55787
69, 395, -1
69, 396, 0.883758
69, 397, 0.700712
69, 398, 0.580235
69, 399, 0.812347
70, 0, 0.882845
70, 1, 0.137892
70, 2, 0.691029
70, 3, 0.191429
70, 4, 0.566143
70, 5, 0.762397
70, 6, -1
70, 7, -1
70, 8, -1
70, 9, -1
70, 10, -1
70, 11, 0.815971
70, 12, -1
70, 13, 0.231591
70, 14, 0.378808
70, 15, 0.726776
70, 16, -1
70, 17, -1
70, 18, -0.219037
70, 19, 0.811528
70, 20, -1
70, 21, 0.99885
70, 22, 0.512645
70, 23, 0.784735
70, 24, 0.280677
70, 25, 0.99886
70, 26, 0.726758
70, 27, 0.998865
70, 28, 0.61079
70, 29, -1
70, 30, -1
70, 31, -1
70, 32, -0.0539325
70, 33, -1
70, 34, -0.0271596
70, 35, 0.593
70, 36, -1
70, 37, -1
70, 38, 0.842791
70, 39, -1
70, 40, 0.717865
70, 41, 0.940921
70, 42, -1
70, 43, 0.222702
70, 44, -1
70, 45, 0.262857
70, 46, -1
70, 47, 0.17363
70, 48, 0.650971
70, 49, -0.0851543
70, 50, -1
70, 51, 0.575143
70, 52, -1
70, 53, -1
70, 54, -1
70, 55, -1
70, 56, -1
70, 57, 0.432401
70, 58, -1
70, 59, -0.0137545
70, 60, 0.874062
70, 61, 0.588543
70, 62, 0.673301
70, 63, -1
70, 64, -1
70, 65, 0.807166
70, 66, -1
70, 67, 0.0174858
70, 68, -1
70, 69, 0.36996
70, 70, 0.651052
70, 71, -1
70, 72, -0.0226685
70, 73, 0.664399
70, 74, 0.0219535
70, 75, 0.450272
70, 76, -1
70, 77, -0.0583618
70, 78, 0.628762
70, 79, 0.0531918
70, 80, 0.642108
70, 81, 0.740289
70, 82, -1
70, 83, -0.183302
70, 84, -1
70, 85, -1
70, 86, 0.142477
70, 87, -1
70, 88, -0.049389
70, 89, 0.414641
70, 90, 0.584172
70, 91, -1
70, 92, -1
70, 93, -1
70, 94, -1
70, 95, -1
70, 96, 0.664482
70, 97, -1
70, 98, 0.236148
70, 99, 0.441384
70, 100, 0.646605
70, 101, 0.0844454
70, 102, 0.842932
70, 103, -1
70, 104, 0.63773
70, 105, -1
70, 106, -0.277003
70, 107, 0.178194
70, 108, -1
70, 109, -1
70, 110, -1
70, 111, 0.628821
70, 112, 0.387904
70, 113, -1
70, 114, -1
70, 115, 0.53956
70, 116, -0.0360217
70, 117, 0.374485
70, 118, 0.521719
70, 119, 0.860814
70, 120, -0.29931
70, 121, -1
70, 122, -1
70, 123, -1
70, 124, -1
70, 125, -0.18774
70, 126, -1
70, 127, 0.477158
70, 128, -1
70, 129, 0.709157
70, 130, -1
70, 131, -1
70, 132, -1
70, 133, 0.410241
70, 134, -1
70, 135, -1
70, 136, 0.142486
70, 137, -1
70, 138, 0.713636
70, 139, 0.816247
70, 140, -1
70, 141, -1
70, 142, 0.561912
70, 143, -1
70, 144, -1
70, 145, -0.0538499
70, 146, -1
70, 147, -1
70, 148, -1
70, 149, 0.557503
70, 150, -1
70, 151, -1
70, 152, 0.602084
70, 153, -1
70, 154, -1
70, 155, 0.0131357
70, 156, 0.24964
70, 157, -1
70, 158, -1
70, 159, -1
70, 160, -1
70, 161, -1
70, 162, 0.96352
70, 163, -1
70, 164, 0.686917
70, 165, 0.566453
70, 166, -1
70, 167, -1
70, 168, 0.441524
70, 169, 0.869849
70, 170, -1
70, 171, -1
70, 172, -0.0493675
70, 173, -1
70, 174, 0.486153
70, 175, 0.138062
70, 176, 0.49504
70, 177, -1
70, 178, 0.789562
70, 179, 0.637825
70, 180, 0.753833
70, 181, -1
70, 182, -1
70, 183, -1
70, 184, 0.347802
70, 185, -1
70, 186, 0.37908
70, 187, -1
70, 188, 0.352269
70, 189, 0.655731
70, 190, -1
70, 191, 0.646771
70, 192, 0.628965
70, 193, 0.218445
70, 194, 0.0622166
70, 195, 0.22287
70, 196, 0.111307
70, 197, 0.0934578
70, 198, 0.758371
70, 199, -1
70, 200, 0.936845
70, 201, 0.878845
70, 202, -1
70, 203, -1
70, 204, -1
70, 205, 0.606678
70, 206, 0.187181
70, 207, 0.526363
70, 208, 0.794087
70, 209, 0.0800807
70, 210, -1
70, 211, -1
70, 212, -0.0895043
70, 213, -0.276951
70, 214, -1
70, 215, 0.570998
70, 216, -0.0180949
70, 217, 0.776258
70, 218, 0.977044
70, 219, -1
70, 220, 0.914584
70, 221, 0.753916
70, 222, 0.379089
70, 223, 0.789657
70, 224, -0.0716441
70, 225, 0.727192
70, 226, -1
70, 227, 0.486234
70, 228, 0.535322
70, 229, 0.370213
70, 230, -1
70, 231, 0.432691
70, 232, -1
70, 233, -1
70, 234, 0.209565
70, 235, -0.0180802
70, 236, 0.0711792
70, 237, -1
70, 238, 0.798612
70, 239, -1
70, 240, 0.481751
70, 241, 0.722761
70, 242, -1
70, 243, 0.704916
70, 244, -1
70, 245, -1
70, 246, 0.0220954
70, 247, 0.285406
70, 248, -1
70, 249, 0.539818
70, 250, -0.0716256
70, 251, 0.521931
70, 252, -0.107329
70, 253, 0.298841
70, 254, -1
70, 255, -1
70, 256, -1
70, 257, -1
70, 258, 0.321121
70, 259, -0.285856
70, 260, 0.99946
70, 261, 0.289885
70, 262, 0.950381
70, 263, -1
70, 264, -1
70, 265, 0.504103
70, 266, -1
70, 267, 0.553195
70, 268, 0.687074
70, 269, -1
70, 270, -1
70, 271, -1
70, 272, 0.611258
70, 273, -1
70, 274, 0.57556
70, 275, 0.687128
70, 276, -1
70, 277, -1
70, 278, -1
70, 279, -1
70, 280, -1
70, 281, 0.606771
70, 282, 0.597847
70, 283, 0.111389
70, 284, -1
70, 285, 0.388099
70, 286, -1
70, 287, 0.459508
70, 288, 0.52203
70, 289, 0.0444471
70, 290, 0.129289
70, 291, -1
70, 292, 0.441704
70, 293, 0.455054
70, 294, 0.343481
70, 295, 0.42828
70, 296, 0.575597
70, 297, 0.664815
70, 298, 0.88353
70, 299, 0.615728
70, 300, 0.276543
70, 301, -1
70, 302, 0.294398
70, 303, -1
70, 304, -1
70, 305, -0.120684
70, 306, 0.673798
70, 307, 0.147118
70, 308, -1
70, 309, 0.339078
70, 310, -0.129608
70, 311, -1
70, 312, 0.0980268
70, 313, -1
70, 314, 0.0757119
70, 315, 0.776462
70, 316, 0.843406
70, 317, 0.69163
70, 318, -1
70, 319, -1
70, 320, -1
70, 321, 0.821103
70, 322, 0.0980361
70, 323, 0.142671
70, 324, -1
70, 325, 0.700612
70, 326, -1
70, 327, -1
70, 328, -1
70, 329, -1
70, 330, 0.352495
70, 331, -0.245648
70, 332, -1
70, 333, -1
70, 334, 0.414946
70, 335, 0.142683
70, 336, 0.133757
70, 337, -1
70, 338, 0.740764
70, 339, -1
70, 340, -1
70, 341, -1
70, 342, 0.490833
70, 343, 0.11591
70, 344, -1
70, 345, -1
70, 346, -1
70, 347, -0.0269207
70, 348, -1
70, 349, -1
70, 350, 0.557835
70, 351, -1
70, 352, -1
70, 353, -1
70, 354, 0.450681
70, 355, -1
70, 356, 0.999706
70, 357, 0.941688
70, 358, -1
70, 359, 0.91045
70, 360, 0.999716
70, 361, 0.999719
70, 362, -1
70, 363, 0.348034
70, 364, 0.575712
70, 365, 0.55786
70, 366, -1
70, 367, -1
70, 368, 0.870302
70, 369, -1
70, 370, -0.294731
70, 371, 0.664953
70, 372, 0.638174
70, 373, 0.633752
70, 374, -1
70, 375, -1
70, 376, 0.316806
70, 377, -1
70, 378, 0.919422
70, 379, 0.696212
70, 380, 0.928353
70, 381, 0.682825
70, 382, 0.522139
70, 383, 0.29896
70, 384, -0.0224287
70, 385, 0.410594
70, 386, 0.290036
70, 387, -1
70, 388, 0.423949
70, 389, 0.5088
70, 390, -1
70, 391, -1
70, 392, -1
70, 393, 0.647179
70, 394, 0.861434
70, 395, -1
70, 396, 0.682854
70, 397, 0.789982
70, 398, 0.553451
70, 399, -1
71, 0, 0.699984
71, 1, 0.0798924
71, 2, 0.945283
71, 3, 0.12897
71, 4, 0.998804
71, 5, 0.998806
71, 6, 0.998809
71, 7, -1
71, 8, 0.967596
71, 9, 0.423409
71, 10, 0.606296
71, 11, 0.775788
71, 12, -1
71, 13, -1
71, 14, -1
71, 15, 0.169134
71, 16, 0.891799
71, 17, 0.753499
71, 18, 0.71782
71, 19, 0.740123
71, 20, 0.195908
71, 21, 0.160217
71, 22, 0.396662
71, 23, 0.972093
71, 24, -1
71, 25, 0.9052
71, 26, 0.905202
71, 27, 0.905205
71, 28, -1
71, 29, 0.557262
71, 30, 0.708963
71, 31, -1
71, 32, 0.771411
71, 33, 0.249458
71, 34, -0.143172
71, 35, -0.143171
71, 36, -1
71, 37, -1
71, 38, -1
71, 39, 0.967673
71, 40, 0.61527
71, 41, -1
71, 42, -1
71, 43, -0.120856
71, 44, 0.914165
71, 45, -1
71, 46, 0.93197
71, 47, 0.731258
71, 48, 0.294129
71, 49, -1
71, 50, 0.334283
71, 51, -1
71, 52, -1
71, 53, -1
71, 54, 0.552883
71, 55, 0.869588
71, 56, -1
71, 57, -1
71, 58, -1
71, 59, -0.107459
71, 60, 0.289642
71, 61, 0.914205
71, 62, -0.000366961
71, 63, -1
71, 64, -1
71, 65, 0.606432
71, 66, -1
71, 67, -1
71, 68, 0.325384
71, 69, 0.218268
71, 70, -1
71, 71, -1
71, 72, -1
71, 73, 0.13354
71, 74, -1
71, 75, 0.642137
71, 76, -1
71, 77, -1
71, 78, 0.374432
71, 79, 0.94101
71, 80, 0.771511
71, 81, 0.0621166
71, 82, 0.883031
71, 83, -1
71, 84, 0.178128
71, 85, -1
71, 86, 0.49494
71, 87, -1
71, 88, -1
71, 89, 0.294179
71, 90, 0.0309304
71, 91, -0.138634
71, 92, -0.0226136
71, 93, -0.196644
71, 94, 0.602022
71, 95, 0.459263
71, 96, 0.441419
71, 97, 0.69571
71, 98, 0.776009
71, 99, -1
71, 100, 0.610954
71, 101, 0.307538
71, 102, -1
71, 103, -1
71, 104, -0.107429
71, 105, -1
71, 106, 0.303123
71, 107, -1
71, 108, -1
71, 109, 0.481591
71, 110, 0.062142
71, 111, -1
71, 112, -1
71, 113, -1
71, 114, -1
71, 115, -0.174359
71, 116, -1
71, 117, 0.544064
71, 118, 0.722517
71, 119, 0.673446
71, 120, -0.268072
71, 121, -1
71, 122, -1
71, 123, 0.624379
71, 124, -1
71, 125, 0.71807
71, 126, 0.106818
71, 127, 0.383421
71, 128, 0.30311
71, 129, -1
71, 130, 0.182679
71, 131, -1
71, 132, -0.330505
71, 133, 0.24511
71, 134, -1
71, 135, -1
71, 136, 0.370088
71, 137, 0.249577
71, 138, -1
71, 139, 0.561946
71, 140, 0.307586
71, 141, 0.646718
71, 142, -0.0136906
71, 143, -1
71, 144, 0.615493
71, 145, -1
71, 146, 0.0577113
71, 147, -1
71, 148, 0.646731
71, 149, -1
71, 150, 0.432573
71, 151, 0.401341
71, 152, -1
71, 153, -1
71, 154, 0.285333
71, 155, 0.405809
71, 156, 0.258523
71, 157, -1
71, 158, -0.160945
71, 159, 0.521823
71, 160, 0.084498
71, 161, 0.851984
71, 162, -1
71, 163, -1
71, 164, -1
71, 165, -1
71, 166, -1
71, 167, -1
71, 168, 0.606612
71, 169, 0.106818
71, 170, 0.611077
71, 171, -1
71, 172, 0.566463
71, 173, -1
71, 174, 0.508461
71, 175, 0.713706
71, 176, -1
71, 177, -1
71, 178, -1
71, 179, 0.535241
71, 180, -1
71, 181, 0.789566
71, 182, 0.874338
71, 183, -1
71, 184, 0.356765
71, 185, 0.155921
71, 186, -1
71, 187, -1
71, 188, 0.129149
71, 189, -1
71, 190, -1
71, 191, -1
71, 192, -1
71, 193, -1
71, 194, -1
71, 195, 0.271955
71, 196, -1
71, 197, -1
71, 198, 0.37013
71, 199, 0.432603
71, 200, -1
71, 201, -1
71, 202, 0.481692
71, 203, -1
71, 204, -1
71, 205, -1
71, 206, -1
71, 207, -1
71, 208, 0.718232
71, 209, 0.535289
71, 210, 0.11136
71, 211, -0.165336
71, 212, 0.138138
71, 213, 0.164915
71, 214, 0.231855
71, 215, -1
71, 216, 0.441593
71, 217, -1
71, 218, -0.160909
71, 219, 0.472793
71, 220, -0.0627217
71, 221, -1
71, 222, -1
71, 223, 0.517422
71, 224, -0.205536
71, 225, -1
71, 226, -1
71, 227, 0.575439
71, 228, -1
71, 229, 0.767357
71, 230, -1
71, 231, -0.27248
71, 232, -0.111766
71, 233, -0.0448604
71, 234, -1
71, 235, 0.579915
71, 236, 0.575494
71, 237, -1
71, 238, 0.432659
71, 239, -1
71, 240, 0.972635
71, 241, -1
71, 242, 0.602279
71, 243, -1
71, 244, -1
71, 245, 0.936951
71, 246, -1
71, 247, 0.776318
71, 248, 0.861102
71, 249, -1
71, 250, -1
71, 251, 0.397017
71, 252, 0.374665
71, 253, -1
71, 254, -1
71, 255, 0.446112
71, 256, 0.147067
71, 257, -1
71, 258, -1
71, 259, 0.78969
71, 260, 0.794195
71, 261, -1
71, 262, 0.785274
71, 263, -1
71, 264, -0.0582269
71, 265, -1
71, 266, 0.597818
71, 267, -1
71, 268, -1
71, 269, 0.602326
71, 270, -1
71, 271, 0.53539
71, 272, -1
71, 273, 0.370271
71, 274, -1
71, 275, 0.615724
71, 276, -1
71, 277, -1
71, 278, 0.58445
71, 279, 0.718371
71, 280, 0.504124
71, 281, -0.0716044
71, 282, 0.42826
71, 283, 0.584499
71, 284, 0.776395
71, 285, 0.682642
71, 286, 0.852263
71, 287, 0.347974
71, 288, 0.307809
71, 289, 0.629137
71, 290, -1
71, 291, 0.285457
71, 292, 0.455092
71, 293, 0.60683
71, 294, 0.142641
71, 295, -1
71, 296, 0.593447
71, 297, -1
71, 298, 0.812126
71, 299, 0.588949
71, 300, -1
71, 301, 0.423824
71, 302, 0.0310674
71, 303, 0.910316
71, 304, -0.245663
71, 305, 0.133725
71, 306, 0.566687
71, 307, -0.187636
71, 308, -1
71, 309, -0.250124
71, 310, -1
71, 311, 0.629176
71, 312, 0.700544
71, 313, -1
71, 314, 0.968357
71, 315, 0.593439
71, 316, 0.825553
71, 317, -1
71, 318, -1
71, 319, 0.959444
71, 320, -1
71, 321, -1
71, 322, -1
71, 323, 0.19623
71, 324, -1
71, 325, 0.767554
71, 326, -1
71, 327, 0.544406
71, 328, -1
71, 329, 0.522094
71, 330, -1
71, 331, -1
71, 332, -1
71, 333, 0.307824
71, 334, -1
71, 335, -1
71, 336, 0.95056
71, 337, 0.950562
71, 338, 0.847876
71, 339, -1
71, 340, -1
71, 341, 0.807715
71, 342, 0.687213
71, 343, 0.73635
71, 344, 0.522118
71, 345, -1
71, 346, 0.557827
71, 347, -1
71, 348, -1
71, 349, 0.120418
71, 350, -1
71, 351, -1
71, 352, 0.905968
71, 353, -1
71, 354, 0.781004
71, 355, 0.932754
71, 356, 0.0400398
71, 357, 0.968464
71, 358, -1
71, 359, 0.919374
71, 360, 0.0891431
71, 361, -1
71, 362, 0.718534
71, 363, 0.736389
71, 364, 0.638198
71, 365, 0.651549
71, 366, 0.508762
71, 367, -0.24563
71, 368, -1
71, 369, -1
71, 370, -0.192063
71, 371, -1
71, 372, 0.566797
71, 373, 0.51766
71, 374, 0.0132728
71, 375, -0.236699
71, 376, 0.406076
71, 377, -0.281336
71, 378, 0.968516
71, 379, 0.999762
71, 380, 0.714106
71, 381, 0.593593
71, 382, 0.615872
71, 383, 0.035599
71, 384, 0.624843
71, 385, -1
71, 386, -1
71, 387, -1
71, 388, 0.575751
71, 389, -1
71, 390, 0.602536
71, 391, -1
71, 392, -1
71, 393, 0.352535
71, 394, 0.598079
71, 395, -1
71, 396, 0.839118
71, 397, 0.90161
71, 398, 0.107033
71, 399, -1
72, 0, -1
72, 1, 0.940819
72, 2, 0.561716
72, 3, 0.592941
72, 4, -1
72, 5, -0.210121
72, 6, 0.896233
72, 7, 0.847137
72, 8, 0.78474
72, 9, 0.829342
72, 10, -1
72, 11, -1
72, 12, -1
72, 13, 0.503707
72, 14, 0.873953
72, 15, -1
72, 16, 0.882877
72, 17, 0.958697
72, 18, -1
72, 19, 0.102215
72, 20, 0.909646
72, 21, 0.789227
72, 22, -0.00486137
72, 23, 0.155757
72, 24, -1
72, 25, -1
72, 26, 0.378822
72, 27, 0.445778
72, 28, 0.610826
72, 29, -1
72, 30, 0.459165
72, 31, 0.405595
72, 32, -0.0182389
72, 33, 0.526082
72, 34, -1
72, 35, -1
72, 36, -1
72, 37, 0.793721
72, 38, 0.918608
72, 39, 0.151312
72, 40, 0.717861
72, 41, 0.847253
72, 42, 0.851715
72, 43, 0.682223
72, 44, -0.241336
72, 45, -1
72, 46, 0.584094
72, 47, -1
72, 48, 0.240591
72, 49, 0.218285
72, 50, -1
72, 51, 0.182595
72, 52, -0.210095
72, 53, 0.34767
72, 54, 0.512733
72, 55, 0.0933254
72, 56, -1
72, 57, -0.138696
72, 58, 0.0219387
72, 59, 0.793768
72, 60, -1
72, 61, -1
72, 62, -0.0494499
72, 63, 0.44579
72, 64, 0.285224
72, 65, -0.111918
72, 66, 0.459178
72, 67, 0.463681
72, 68, -1
72, 69, -1
72, 70, -0.156497
72, 71, 0.0130658
72, 72, -1
72, 73, -1
72, 74, -1
72, 75, -1
72, 76, -0.0628261
72, 77, -1
72, 78, -1
72, 79, -1
72, 80, 0.949931
72, 81, 0.463661
72, 82, 0.713523
72, 83, -1
72, 84, -1
72, 85, 0.361055
72, 86, -1
72, 87, -1
72, 88, 0.370023
72, 89, 0.200482
72, 90, 0.593091
72, 91, 0.133556
72, 92, 0.245103
72, 93, 0.240642
72, 94, -1
72, 95, -1
72, 96, -1
72, 97, 0.918749
72, 98, -1
72, 99, -1
72, 100, 0.999046
72, 101, 0.847386
72, 102, 0.784937
72, 103, 0.593073
72, 104, -1
72, 105, -1
72, 106, 0.494969
72, 107, 0.0755249
72, 108, 0.0264824
72, 109, 0.370051
72, 110, 0.178195
72, 111, -1
72, 112, -1
72, 113, -1
72, 114, -1
72, 115, -1
72, 116, 0.530676
72, 117, -0.178821
72, 118, -1
72, 119, -1
72, 120, -1
72, 121, 0.744827
72, 122, 0.771595
72, 123, -1
72, 124, 0.81621
72, 125, 0.47269
72, 126, -1
72, 127, 0.320995
72, 128, -1
72, 129, -1
72, 130, -1
72, 131, -1
72, 132, 0.432546
72, 133, -1
72, 134, 0.204952
72, 135, -1
72, 136, -1
72, 137, -1
72, 138, 0.320968
72, 139, 0.851932
72, 140, 0.901007
72, 141, -1
72, 142, -1
72, 143, 0.936702
72, 144, -1
72, 145, -1
72, 146, -1
72, 147, 0.557496
72, 148, -1
72, 149, -1
72, 150, 0.0979154
72, 151, -1
72, 152, -1
72, 153, 0.499503
72, 154, -1
72, 155, 0.606588
72, 156, 0.0354069
72, 157, -0.0940061
72, 158, 0.00863372
72, 159, 0.834091
72, 160, -0.0404527
72, 161, 0.548555
72, 162, -1
72, 163, -1
72, 164, -1
72, 165, 0.816299
72, 166, -1
72, 167, -1
72, 168, 0.584301
72, 169, 0.642306
72, 170, 0.160367
72, 171, -1
72, 172, -1
72, 173, 0.548575
72, 174, -1
72, 175, 0.70474
72, 176, -1
72, 177, -1
72, 178, -1
72, 179, 0.615513
72, 180, -1
72, 181, -1
72, 182, 0.869874
72, 183, 0.722643
72, 184, -0.169856
72, 185, 0.905573
72, 186, 0.731532
72, 187, 0.428122
72, 188, -1
72, 189, 0.392468
72, 190, -0.0627037
72, 191, -0.160926
72, 192, -1
72, 193, -1
72, 194, 0.387973
72, 195, 0.709281
72, 196, 0.834213
72, 197, 0.736056
72, 198, 0.53523
72, 199, -1
72, 200, -1
72, 201, -1
72, 202, 0.79407
72, 203, 0.352286
72, 204, 0.285352
72, 205, -1
72, 206, 0.669145
72, 207, 0.615562
72, 208, 0.388032
72, 209, -1
72, 210, 0.155985
72, 211, 0.294325
72, 212, 0.472821
72, 213, -1
72, 214, 0.245201
72, 215, 0.883335
72, 216, 0.495139
72, 217, -1
72, 218, 0.249668
72, 219, -1
72, 220, 0.75391
72, 221, -1
72, 222, -1
72, 223, 0.771804
72, 224, -1
72, 225, 0.405905
72, 226, -1
72, 227, 0.794123
72, 228, -1
72, 229, 0.548707
72, 230, -1
72, 231, -0.0671775
72, 232, 0.620109
72, 233, -1
72, 234, -1
72, 235, -1
72, 236, 0.557643
72, 237, -1
72, 238, 0.28093
72, 239, 0.0622543
72, 240, 0.838772
72, 241, -1
72, 242, 0.700448
72, 243, 0.151515
72, 244, -1
72, 245, 0.512993
72, 246, 0.713802
72, 247, -1
72, 248, -1
72, 249, 0.51304
72, 250, -1
72, 251, -1
72, 252, -1
72, 253, -1
72, 254, 0.798642
72, 255, -1
72, 256, 0.423799
72, 257, -1
72, 258, -1
72, 259, -1
72, 260, 0.182773
72, 261, -1
72, 262, 0.704949
72, 263, -1
72, 264, -1
72, 265, 0.718302
72, 266, -1
72, 267, -1
72, 268, 0.263114
72, 269, 0.459479
72, 270, -1
72, 271, -1
72, 272, 0.240844
72, 273, -1
72, 274, 0.571054
72, 275, 0.580021
72, 276, -0.263532
72, 277, 0.562174
72, 278, -1
72, 279, 0.794233
72, 280, 0.78531
72, 281, -1
72, 282, -1
72, 283, 0.571069
72, 284, -0.151943
72, 285, -1
72, 286, 0.513058
72, 287, -0.192111
72, 288, 0.588969
72, 289, 0.316695
72, 290, 0.115857
72, 291, -1
72, 292, 0.446164
72, 293, -1
72, 294, 0.539848
72, 295, 0.562204
72, 296, 0.281039
72, 297, 0.325631
72, 298, 0.597871
72, 299, 0.892453
72, 300, -1
72, 301, 0.905846
72, 302, -1
72, 303, 0.388161
72, 304, 0.709493
72, 305, -0.0492711
72, 306, -1
72, 307, -1
72, 308, 0.200676
72, 309, -1
72, 310, 0.222994
72, 311, -1
72, 312, -1
72, 313, -1
72, 314, 0.205146
72, 315, 0.722903
72, 316, 0.437273
72, 317, -1
72, 318, 0.70952
72, 319, 0.999606
72, 320, 0.968369
72, 321, -1
72, 322, 0.655972
72, 323, -1
72, 324, -1
72, 325, -1
72, 326, -1
72, 327, -0.223333
72, 328, 0.584534
72, 329, 0.361377
72, 330, -1
72, 331, 0.450644
72, 332, -1
72, 333, -1
72, 334, -1
72, 335, 0.370352
72, 336, 0.722944
72, 337, -1
72, 338, -1
72, 339, -1
72, 340, 0.330148
72, 341, -0.0403175
72, 342, -1
72, 343, 0.548854
72, 344, 0.316763
72, 345, -0.0715597
72, 346, -1
72, 347, -1
72, 348, -1
72, 349, 0.37037
72, 350, 0.370331
72, 351, 0.414967
72, 352, 0.0534263
72, 353, -0.281348
72, 354, 0.486425
72, 355, -0.0983346
72, 356, -1
72, 357, 0.816714
72, 358, 0.879201
72, 359, 0.87474
72, 360, -0.285809
72, 361, 0.874744
72, 362, 0.0355804
72, 363, 0.758664
72, 364, -1
72, 365, -1
72, 366, -1
72, 367, 0.477518
72, 368, -1
72, 369, -1
72, 370, -0.160817
72, 371, 0.423922
72, 372, 0.165035
72, 373, -1
72, 374, -1
72, 375, -1
72, 376, 0.17843
72, 377, -1
72, 378, 0.660539
72, 379, 0.731916
72, 380, 0.642648
72, 381, 0.74531
72, 382, -1
72, 383, -1
72, 384, 0.611411
72, 385, 0.593598
72, 386, -1
72, 387, 0.290075
72, 388, -1
72, 389, 0.258831
72, 390, -0.183124
72, 391, -1
72, 392, 0.624856
72, 393, 0.374852
72, 394, 0.696277
72, 395, 0.191841
72, 396, 0.955168
72, 397, -1
72, 398, 0.548984
72, 399, -1
73, 0, -1
73, 1, -1
73, 2, 0.967577
73, 3, 0.28511
73, 4, 0.236039
73, 5, 0.958665
73, 6, -1
73, 7, 0.63309
73, 8, 0.695535
73, 9, -1
73, 10, 0.682158
73, 11, -1
73, 12, -0.268126
73, 13, 0.958684
73, 14, -1
73, 15, 0.860573
73, 16, 0.378807
73, 17, 0.539437
73, 18, -0.187804
73, 19, 0.882882
73, 20, 0.882884
73, 21, 0.842746
73, 22, -0.241348
73, 23, -0.169952
73, 24, 0.0665265
73, 25, -1
73, 26, 0.789236
73, 27, -1
73, 28, -1
73, 29, -0.227957
73, 30, -1
73, 31, 0.708961
73, 32, -0.00931606
73, 33, 0.878413
73, 34, -1
73, 35, 0.829397
73, 36, -1
73, 37, -1
73, 38, -1
73, 39, 0.722358
73, 40, 0.758043
73, 41, -1
73, 42, 0.887395
73, 43, -1
73, 44, -1
73, 45, 0.276238
73, 46, 0.361003
73, 47, -1
73, 48, -0.129778
73, 49, -1
73, 50, -1
73, 51, -1
73, 52, 0.445773
73, 53, -0.0673054
73, 54, -1
73, 55, 0.802678
73, 56, -1
73, 57, 0.887429
73, 58, 0.62872
73, 59, -1
73, 60, -1
73, 61, 0.887439
73, 62, 0.722403
73, 63, -0.196702
73, 64, -1
73, 65, -1
73, 66, -1
73, 67, -1
73, 68, 0.619817
73, 69, 0.191536
73, 70, -1
73, 71, 0.48149
73, 72, -1
73, 73, 0.807177
73, 74, 0.601943
73, 75, 0.601985
73, 76, -1
73, 77, -1
73, 78, -1
73, 79, 0.548419
73, 80, 0.753664
73, 81, 0.584151
73, 82, 0.543963
73, 83, 0.160278
73, 84, -1
73, 85, 0.517241
73, 86, -1
73, 87, -0.32164
73, 88, -1
73, 89, 0.64662
73, 90, -1
73, 91, -1
73, 92, -0.102976
73, 93, -1
73, 94, -0.250235
73, 95, 0.115711
73, 96, 0.52172
73, 97, 0.521721
73, 98, -1
73, 99, 0.5083
73, 100, 0.361074
73, 101, 0.936598
73, 102, 0.338809
73, 103, -1
73, 104, 0.606497
73, 105, -0.196679
73, 106, 0.651112
73, 107, 0.579734
73, 108, 0.378971
73, 109, 0.285277
73, 110, -1
73, 111, -1
73, 112, -1
73, 113, 0.307591
73, 114, 0.16035
73, 115, 0.0130604
73, 116, 0.00859898
73, 117, 0.419138
73, 118, 0.338789
73, 119, 0.709091
73, 120, -0.00478465
73, 121, 0.138006
73, 122, 0.780516
73, 123, 0.735906
73, 124, -0.0984918
73, 125, -0.0047807
73, 126, -1
73, 127, -1
73, 128, 0.686843
73, 129, -1
73, 130, -1
73, 131, -0.053822
73, 132, -1
73, 133, -1
73, 134, 0.240687
73, 135, -1
73, 136, 0.0264646
73, 137, 0.00415357
73, 138, -1
73, 139, 0.843008
73, 140, 0.847471
73, 141, -1
73, 142, -1
73, 143, -1
73, 144, 0.70918
73, 145, 0.526259
73, 146, 0.535144
73, 147, -1
73, 148, -1
73, 149, 0.544113
73, 150, 0.147
73, 151, -0.129712
73, 152, -1
73, 153, -1
73, 154, 0.334413
73, 155, -0.0895455
73, 156, 0.869813
73, 157, 0.240673
73, 158, -1
73, 159, -1
73, 160, -1
73, 161, -1
73, 162, 0.874288
73, 163, -1
73, 164, -1
73, 165, 0.387932
73, 166, -0.062762
73, 167, 0.218373
73, 168, 0.213952
73, 169, 0.0398795
73, 170, -1
73, 171, -0.027017
73, 172, -0.00920612
73, 173, 0.120208
73, 174, 0.490611
73, 175, -1
73, 176, -1
73, 177, -1
73, 178, -1
73, 179, -1
73, 180, 0.999248
73, 181, 0.793983
73, 182, 0.566436
73, 183, 0.624482
73, 184, 0.428157
73, 185, 0.236242
73, 186, 0.579868
73, 187, -1
73, 188, 0.169309
73, 189, -1
73, 190, -0.0805556
73, 191, -0.250145
73, 192, -1
73, 193, 0.419205
73, 194, 0.579882
73, 195, -1
73, 196, 0.441561
73, 197, -1
73, 198, 0.825292
73, 199, 0.64682
73, 200, -1
73, 201, 0.548659
73, 202, -1
73, 203, 0.611091
73, 204, -0.299273
73, 205, 0.490658
73, 206, 0.285353
73, 207, -0.0448811
73, 208, -1
73, 209, 0.620026
73, 210, 0.0756162
73, 211, -1
73, 212, -1
73, 213, -1
73, 214, -1
73, 215, -0.0448752
73, 216, -1
73, 217, 0.673626
73, 218, 0.477251
73, 219, 0.789642
73, 220, 0.664667
73, 221, 0.0533121
73, 222, 0.222896
73, 223, 0.892275
73, 224, -1
73, 225, -1
73, 226, 0.298805
73, 227, 0.240792
73, 228, 0.32112
73, 229, -1
73, 230, -1
73, 231, -1
73, 232, -1
73, 233, -1
73, 234, 0.254188
73, 235, 0.602223
73, 236, -1
73, 237, -1
73, 238, 0.691514
73, 239, 0.762911
73, 240, 0.820921
73, 241, -1
73, 242, -1
73, 243, 0.102423
73, 244, -1
73, 245, 0.571044
73, 246, 0.330068
73, 247, -1
73, 248, 0.486262
73, 249, -0.134112
73, 250, -1
73, 251, -1
73, 252, 0.49069
73, 253, -1
73, 254, -1
73, 255, 0.0711935
73, 256, -1
73, 257, 0.539826
73, 258, -1
73, 259, 0.954829
73, 260, -1
73, 261, 0.539792
73, 262, -1
73, 263, -1
73, 264, 0.52645
73, 265, 0.789739
73, 266, 0.196167
73, 267, 0.571081
73, 268, 0.580008
73, 269, -1
73, 270, 0.388115
73, 271, -1
73, 272, -1
73, 273, 0.40597
73, 274, -1
73, 275, -1
73, 276, 0.597831
73, 277, -1
73, 278, -1
73, 279, -1
73, 280, -1
73, 281, -1
73, 282, 0.200647
73, 283, 0.754076
73, 284, -1
73, 285, -1
73, 286, 0.472931
73, 287, -1
73, 288, 0.383677
73, 289, -1
73, 290, -1
73, 291, -1
73, 292, -1
73, 293, -1
73, 294, 0.428314
73, 295, 0.410464
73, 296, 0.664848
73, 297, -1
73, 298, 0.307778
73, 299, 0.0399898
73, 300, -1
73, 301, 0.682709
73, 302, 0.379192
73, 303, -0.169785
73, 304, -1
73, 305, 0.696105
73, 306, -1
73, 307, 0.535444
73, 308, 0.450649
73, 309, 0.249771
73, 310, 0.160548
73, 311, -0.272442
73, 312, 0.169436
73, 313, 0.539917
73, 314, -1
73, 315, 0.164976
73, 316, 0.834474
73, 317, -1
73, 318, 0.928197
73, 319, 0.289951
73, 320, -1
73, 321, 0.472984
73, 322, 0.517616
73, 323, 0.0623272
73, 324, -1
73, 325, -1
73, 326, -1
73, 327, 0.33013
73, 328, -1
73, 329, -0.218869
73, 330, -1
73, 331, -1
73, 332, -1
73, 333, -1
73, 334, 0.63814
73, 335, 0.401553
73, 336, 0.606862
73, 337, -1
73, 338, 0.897004
73, 339, -0.0403197
73, 340, -0.312601
73, 341, 0.655965
73, 342, 0.767585
73, 343, 0.687251
73, 344, -0.174224
73, 345, 0.606918
73, 346, -1
73, 347, -1
73, 348, 0.191831
73, 349, 0.084708
73, 350, -1
73, 351, 0.142736
73, 352, 0.0132936
73, 353, -1
73, 354, 0.486424
73, 355, -0.134045
73, 356, 0.223044
73, 357, -1
73, 358, -1
73, 359, 0.999706
73, 360, -0.200997
73, 361, 0.696212
73, 362, -1
73, 363, 0.580128
73, 364, 0.361462
73, 365, 0.334682
73, 366, 0.0356233
73, 367, 0.214129
73, 368, -0.0983265
73, 369, 0.0534805
73, 370, 0.138251
73, 371, 0.11151
73, 372, -1
73, 373, -1
73, 374, -1
73, 375, -0.223308
73, 376, -1
73, 377, -1
73, 378, -1
73, 379, 0.906027
73, 380, -1
73, 381, 0.647152
73, 382, -0.156347
73, 383, 0.705181
73, 384, 0.834624
73, 385, 0.196294
73, 386, -1
73, 387, -1
73, 388, -1
73, 389, -1
73, 390, -1
73, 391, -1
73, 392, 0.736443
73, 393, -1
73, 394, 0.71413
73, 395, 0.88821
73, 396, 0.629284
73, 397, 0.316828
73, 398, -1
73, 399, 0.973027
74, 0, 0.766879
74, 1, -1
74, 2, -0.326141
74, 3, -1
74, 4, 0.258344
74, 5, 0.378791
74, 6, 0.146815
74, 7, -1
74, 8, 0.865015
74, 9, 0.423445
74, 10, 0.365455
74, 11, 0.90962
74, 12, 0.0397456
74, 13, -1
74, 14, -1
74, 15, -1
74, 16, -0.152109
74, 17, -0.2592
74, 18, 0.0620587
74, 19, -1
74, 20, -1
74, 21, 0.249441
74, 22, 0.570627
74, 23, -1
74, 24, -1
74, 25, -1
74, 26, 0.780273
74, 27, 0.637584
74, 28, 0.46362
74, 29, -1
74, 30, -1
74, 31, 0.463584
74, 32, 0.490391
74, 33, 0.873991
74, 34, 0.521579
74, 35, -1
74, 36, 0.833857
74, 37, 0.802638
74, 38, -1
74, 39, -1
74, 40, 0.173618
74, 41, 0.967671
74, 42, 0.998893
74, 43, 0.967676
74, 44, -1
74, 45, 0.954301
74, 46, 0.677764
74, 47, -1
74, 48, -1
74, 49, -1
74, 50, -1
74, 51, 0.236131
74, 52, 0.762526
74, 53, 0.637631
74, 54, 0.191479
74, 55, 0.802676
74, 56, 0.543959
74, 57, -1
74, 58, -1
74, 59, -1
74, 60, -0.285953
74, 61, 0.285178
74, 62, 0.276256
74, 63, 0.552852
74, 64, -1
74, 65, 0.521669
74, 66, 0.396718
74, 67, 0.160261
74, 68, -1
74, 69, -0.134227
74, 70, -0.1208
74, 71, 0.655507
74, 72, -1
74, 73, 0.47703
74, 74, -1
74, 75, -1
74, 76, -0.227933
74, 77, -1
74, 78, 0.7715
74, 79, -1
74, 80, -1
74, 81, -1
74, 82, 0.882984
74, 83, 0.347706
74, 84, -0.0940573
74, 85, -1
74, 86, 0.124626
74, 87, -1
74, 88, -1
74, 89, 0.285212
74, 90, -1
74, 91, -1
74, 92, -1
74, 93, -1
74, 94, 0.789336
74, 95, 0.999029
74, 96, 0.49495
74, 97, 0.499413
74, 98, -0.0449627
74, 99, -1
74, 100, -1
74, 101, -1
74, 102, 0.0889047
74, 103, -1
74, 104, 0.111217
74, 105, 0.195995
74, 106, -1
74, 107, 0.11126
74, 108, -0.227915
74, 109, 0.414664
74, 110, -1
74, 111, 0.499435
74, 112, 0.343242
74, 113, 0.499438
74, 114, -1
74, 115, -1
74, 116, 0.65559
74, 117, 0.0576834
74, 118, -0.0181739
74, 119, 0.99909
74, 120, -1
74, 121, -1
74, 122, -1
74, 123, 0.16482
74, 124, -1
74, 125, 0.151436
74, 126, 0.432534
74, 127, -1
74, 128, -0.0137038
74, 129, -1
74, 130, -1
74, 131, -0.0270886
74, 132, -1
74, 133, 0.508352
74, 134, 0.486086
74, 135, -0.0583226
74, 136, 0.329927
74, 137, 0.312081
74, 138, -1
74, 139, -1
74, 140, -1
74, 141, -1
74, 142, 0.0800167
74, 143, 0.566409
74, 144, 0.361171
74, 145, 0.508411
74, 146, -1
74, 147, -1
74, 148, -1
74, 149, -1
74, 150, -0.0226116
74, 151, -1
74, 152, -1
74, 153, 0.0889916
74, 154, 0.209474
74, 155, 0.030942
74, 156, 0.539661
74, 157, 0.548545
74, 158, -1
74, 159, 0.91443
74, 160, 0.0175587
74, 161, 0.133582
74, 162, -0.183258
74, 163, -0.0761528
74, 164, 0.45936
74, 165, 0.52629
74, 166, 0.303193
74, 167, -1
74, 168, -1
74, 169, 0.646764
74, 170, 0.155903
74, 171, 0.0309553
74, 172, 0.374594
74, 173, -1
74, 174, -1
74, 175, -1
74, 176, 0.138059
74, 177, -1
74, 178, 0.187148
74, 179, 0.664589
74, 180, -1
74, 181, -1
74, 182, 0.12914
74, 183, 0.423692
74, 184, 0.23624
74, 185, -1
74, 186, 0.548633
74, 187, -1
74, 188, 0.388002
74, 189, 0.338919
74, 190, 0.432626
74, 191, -1
74, 192, -1
74, 193, -0.160885
74, 194, -1
74, 195, 0.218443
74, 196, 0.437097
74, 197, -1
74, 198, -1
74, 199, 0.718209
74, 200, 0.918948
74, 201, -1
74, 202, -0.223402
74, 203, -1
74, 204, 0.151474
74, 205, 0.414799
74, 206, 0.548626
74, 207, 0.338942
74, 208, 0.160404
74, 209, -1
74, 210, -1
74, 211, -1
74, 212, -0.00467236
74, 213, -1
74, 214, -0.0939282
74, 215, -1
74, 216, 0.231813
74, 217, -1
74, 218, -1
74, 219, -1
74, 220, -1
74, 221, 0.727136
74, 222, -1
74, 223, 0.0711641
74, 224, 0.646824
74, 225, -0.0047024
74, 226, -1
74, 227, -1
74, 228, -1
74, 229, -1
74, 230, -0.0314357
74, 231, -1
74, 232, 0.0979491
74, 233, -1
74, 234, 0.138116
74, 235, -0.0493241
74, 236, -1
74, 237, 0.838761
74, 238, -1
74, 239, -1
74, 240, 0.928008
74, 241, -0.000226771
74, 242, -1
74, 243, -1
74, 244, 0.660287
74, 245, -1
74, 246, -1
74, 247, -1
74, 248, 0.57551
74, 249, -0.11626
74, 250, -1
74, 251, -1
74, 252, -1
74, 253, -1
74, 254, 0.28545
74, 255, -1
74, 256, -1
74, 257, 0.410369
74, 258, -1
74, 259, -1
74, 260, 0.294342
74, 261, 0.919134
74, 262, 0.820966
74, 263, 0.642432
74, 264, 0.276536
74, 265, 0.611239
74, 266, 0.361332
74, 267, -1
74, 268, 0.428276
74, 269, 0.878992
74, 270, 0.517532
74, 271, -1
74, 272, 0.321174
74, 273, 0.42382
74, 274, 0.392542
74, 275, 0.3256
74, 276, -1
74, 277, 0.718362
74, 278, -1
74, 279, 0.754066
74, 280, -1
74, 281, 0.785308
74, 282, -1
74, 283, 0.517553
74, 284, 0.870102
74, 285, 0.571069
74, 286, -1
74, 287, 0.508634
74, 288, 0.43723
74, 289, -1
74, 290, 0.352397
74, 291, -1
74, 292, 0.200697
74, 293, 0.178383
74, 294, 0.223015
74, 295, -1
74, 296, 0.522037
74, 297, 0.553278
74, 298, -1
74, 299, -0.169788
74, 300, -0.0269596
74, 301, -1
74, 302, 0.736262
74, 303, -1
74, 304, 0.709449
74, 305, -1
74, 306, 0.905853
74, 307, -1
74, 308, 0.825529
74, 309, -1
74, 310, -1
74, 311, 0.481893
74, 312, -1
74, 313, -1
74, 314, -1
74, 315, 0.46851
74, 316, -0.12068
74, 317, 0.0266141
74, 318, -1
74, 319, -1
74, 320, -1
74, 321, 0.673819
74, 322, 0.374795
74, 323, -1
74, 324, 0.316776
74, 325, -1
74, 326, -1
74, 327, -1
74, 328, -1
74, 329, -0.134062
74, 330, -1
74, 331, -1
74, 332, -0.142987
74, 333, 0.0936194
74, 334, 0.633675
74, 335, 0.544414
74, 336, 0.593511
74, 337, -1
74, 338, 0.700629
74, 339, 0.115902
74, 340, -1
74, 341, -1
74, 342, 0.968419
74, 343, -1
74, 344, -1
74, 345, -1
74, 346, -1
74, 347, -0.129587
74, 348, -1
74, 349, -1
74, 350, 0.647094
74, 351, 0.406077
74, 352, 0.397152
74, 353, -0.0715554
74, 354, 0.307887
74, 355, -1
74, 356, 0.700623
74, 357, 0.736372
74, 358, -1
74, 359, 0.843493
74, 360, -1
74, 361, -1
74, 362, -1
74, 363, 0.642614
74, 364, -1
74, 365, 0.370349
74, 366, -0.0715462
74, 367, 0.999724
74, 368, -1
74, 369, -1
74, 370, -1
74, 371, -1
74, 372, -1
74, 373, 0.325764
74, 374, -1
74, 375, -1
74, 376, -1
74, 377, -0.200988
74, 378, 0.508736
74, 379, -1
74, 380, -1
74, 381, 0.303416
74, 382, 0.856934
74, 383, -1
74, 384, 0.999767
74, 385, -1
74, 386, -1
74, 387, -1
74, 388, -1
74, 389, -1
74, 390, 0.781073
74, 391, -1
74, 392, 0.348066
74, 393, 0.598032
74, 394, 0.535583
74, 395, 0.34807
74, 396, -1
74, 397, 0.950702
74, 398, 0.249872
74, 399, -1
75, 0, -1
75, 1, 0.137887
75, 2, -1
75, 3, -0.196738
75, 4, -1
75, 5, 0.998796
75, 6, -1
75, 7, -1
75, 8, 0.686611
75, 9, 0.878354
75, 10, -1
75, 11, -1
75, 12, -1
75, 13, 0.646478
75, 14, 0.887325
75, 15, -0.17442
75, 16, 0.601879
75, 17, -1
75, 18, 0.646447
75, 19, 0.579542
75, 20, -1
75, 21, -1
75, 22, 0.60635
75, 23, -1
75, 24, 0.566209
75, 25, -1
75, 26, -0.254693
75, 27, -1
75, 28, -1
75, 29, -1
75, 30, -1
75, 31, 0.115649
75, 32, -1
75, 33, -1
75, 34, -1
75, 35, 0.151305
75, 36, -1
75, 37, -1
75, 38, 0.824898
75, 39, 0.744656
75, 40, 0.878465
75, 41, 0.503745
75, 42, 0.833828
75, 43, 0.655454
75, 44, -1
75, 45, 0.909698
75, 46, 0.869559
75, 47, 0.427959
75, 48, -1
75, 49, -1
75, 50, -1
75, 51, -1
75, 52, -1
75, 53, 0.182594
75, 54, -1
75, 55, -1
75, 56, 0.85616
75, 57, 0.303018
75, 58, -1
75, 59, -0.000372536
75, 60, 0.258407
75, 61, -1
75, 62, 0.20041
75, 63, 0.998944
75, 64, 0.958805
75, 65, -1
75, 66, 0.967731
75, 67, 0.802699
75, 68, 0.691186
75, 69, 0.566284
75, 70, -1
75, 71, -1
75, 72, 0.709036
75, 73, 0.378921
75, 74, -1
75, 75, 0.552911
75, 76, 0.401232
75, 77, 0.249544
75, 78, 0.468114
75, 79, -1
75, 80, -1
75, 81, 0.659984
75, 82, -1
75, 83, 0.129043
75, 84, -1
75, 85, 0.874108
75, 86, -1
75, 87, 0.93656
75, 88, -1
75, 89, 0.633233
75, 90, -1
75, 91, 0.784908
75, 92, 0.566322
75, 93, 0.909811
75, 94, -1
75, 95, -1
75, 96, 0.914279
75, 97, -1
75, 98, 0.682281
75, 99, 0.271878
75, 100, 0.726935
75, 101, 0.709093
75, 102, 0.463729
75, 103, 0.798315
75, 104, -1
75, 105, 0.967828
75, 106, -1
75, 107, -1
75, 108, 0.958914
75, 109, 0.486046
75, 110, 0.909851
75, 111, 0.825098
75, 112, -1
75, 113, 0.909858
75, 114, 0.941086
75, 115, -1
75, 116, 0.927708
75, 117, 0.945554
75, 118, -1
75, 119, -1
75, 120, 0.811694
75, 121, -1
75, 122, 0.49941
75, 123, 0.950029
75, 124, 0.887579
75, 125, -1
75, 126, 0.842974
75, 127, -1
75, 128, 0.923276
75, 129, -1
75, 130, 0.838522
75, 131, 0.834063
75, 132, 0.731459
75, 133, 0.811762
75, 134, -1
75, 135, 0.990206
75, 136, -1
75, 137, 0.316501
75, 138, 0.999136
75, 139, 0.798392
75, 140, -1
75, 141, -1
75, 142, 0.173722
75, 143, -1
75, 144, -1
75, 145, 0.887628
75, 146, 0.851941
75, 147, 0.892094
75, 148, -1
75, 149, 0.749338
75, 150, -1
75, 151, 0.646729
75, 152, 0.825187
75, 153, -1
75, 154, 0.936722
75, 155, -1
75, 156, 0.923343
75, 157, 0.923345
75, 158, 0.356686
75, 159, 0.27641
75, 160, 0.802898
75, 161, 0.887665
75, 162, 0.584286
75, 163, 0.896592
75, 164, 0.820752
75, 165, 0.843061
75, 166, -1
75, 167, 0.847527
75, 168, -1
75, 169, -1
75, 170, -1
75, 171, -1
75, 172, 0.731539
75, 173, -1
75, 174, 0.999228
75, 175, 0.941234
75, 176, 0.820778
75, 177, -1
75, 178, 0.834167
75, 179, -1
75, 180, 0.0845125
75, 181, 0.941248
75, 182, 0.695865
75, 183, -1
75, 184, -1
75, 185, -1
75, 186, -1
75, 187, -1
75, 188, -1
75, 189, -1
75, 190, -1
75, 191, -1
75, 192, -1
75, 193, 0.878816
75, 194, -1
75, 195, -1
75, 196, 0.44598
75, 197, -1
75, 198, 0.521839
75, 199, -0.107368
75, 200, 0.65128
75, 201, 0.33443
75, 202, -1
75, 203, -1
75, 204, -1
75, 205, -1
75, 206, -1
75, 207, -1
75, 208, -1
75, 209, -1
75, 210, -1
75, 211, -1
75, 212, 0.147059
75, 213, 0.687
75, 214, -1
75, 215, 0.843172
75, 216, 0.816403
75, 217, -1
75, 218, 0.570995
75, 219, -1
75, 220, -1
75, 221, -1
75, 222, -1
75, 223, 0.838727
75, 224, 0.414784
75, 225, 0.4416
75, 226, -1
75, 227, -1
75, 228, -1
75, 229, -1
75, 230, -1
75, 231, 0.71827
75, 232, 0.780741
75, 233, 0.843211
75, 234, 0.97261
75, 235, -1
75, 236, -1
75, 237, 0.459427
75, 238, -1
75, 239, -1
75, 240, 0.936929
75, 241, -1
75, 242, -1
75, 243, 0.936937
75, 244, -1
75, 245, -1
75, 246, -1
75, 247, -1
75, 248, -1
75, 249, -1
75, 250, 0.410398
75, 251, -1
75, 252, -1
75, 253, -1
75, 254, 0.878955
75, 255, 0.941428
75, 256, 0.945892
75, 257, 0.878962
75, 258, -1
75, 259, 0.798646
75, 260, -1
75, 261, -1
75, 262, -1
75, 263, 0.414879
75, 264, -1
75, 265, -1
75, 266, -1
75, 267, -1
75, 268, -1
75, 269, -1
75, 270, -1
75, 271, 0.85222
75, 272, -1
75, 273, 0.905773
75, 274, 0.981634
75, 275, 0.481837
75, 276, 0.945941
75, 277, -1
75, 278, 0.861161
75, 279, 0.459529
75, 280, -1
75, 281, 0.794231
75, 282, 0.700519
75, 283, -1
75, 284, -1
75, 285, -1
75, 286, -1
75, 287, -0.303658
75, 288, 0.205155
75, 289, 0.879036
75, 290, -1
75, 291, -1
75, 292, 0.968292
75, 293, -1
75, 294, 0.905822
75, 295, 0.780872
75, 296, -1
75, 297, 0.847816
75, 298, -1
75, 299, 0.82997
75, 300, -0.111764
75, 301, -1
75, 302, -1
75, 303, -1
75, 304, -1
75, 305, -1
75, 306, -1
75, 307, -1
75, 308, -1
75, 309, 0.71396
75, 310, 0.874621
75, 311, 0.829996
75, 312, 0.901402
75, 313, -1
75, 314, -1
75, 315, -1
75, 316, -1
75, 317, -1
75, 318, -1
75, 319, 0.24978
75, 320, 0.410456
75, 321, -1
75, 322, -1
75, 323, -1
75, 324, -1
75, 325, -1
75, 326, -1
75, 327, -1
75, 328, 0.633663
75, 329, -1
75, 330, 0.874667
75, 331, -1
75, 332, -1
75, 333, -1
75, 334, -1
75, 335, -1
75, 336, 0.0980847
75, 337, -1
75, 338, -1
75, 339, 0.928243
75, 340, -1
75, 341, 0.68278
75, 342, -1
75, 343, -1
75, 344, -1
75, 345, -1
75, 346, -1
75, 347, 0.923799
75, 348, -1
75, 349, -1
75, 350, 0.535511
75, 351, 0.803305
75, 352, -1
75, 353, 0.656024
75, 354, -1
75, 355, -1
75, 356, 0.584617
75, 357, -1
75, 358, -1
75, 359, 0.223045
75, 360, -1
75, 361, -1
75, 362, -0.0536951
75, 363, -1
75, 364, 0.169528
75, 365, 0.245369
75, 366, -0.156358
75, 367, 0.968479
75, 368, 0.365928
75, 369, 0.298977
75, 370, -1
75, 371, 0.691764
75, 372, 0.325721
75, 373, -1
75, 374, -1
75, 375, -1
75, 376, 0.0400534
75, 377, -0.209876
75, 378, -0.232235
75, 379, 0.709593
75, 380, -1
75, 381, -1
75, 382, 0.37037
75, 383, -1
75, 384, 0.464149
75, 385, 0.450759
75, 386, -1
75, 387, 0.526603
75, 388, -0.196519
75, 389, 0.0445282
75, 390, 0.892658
75, 391, 0.79
75, 392, 0.937297
75, 393, 0.999788
75, 394, -1
75, 395, -1
75, 396, 0.00886392
75, 397, -1
75, 398, -1
75, 399, 0.325755
76, 0, -1
76, 1, -0.0673447
76, 2, -1
76, 3, 0.508186
76, 4, 0.307412
76, 5, -1
76, 6, -1
76, 7, 0.833789
76, 8, -1
76, 9, 0.869432
76, 10, 0.0575884
76, 11, 0.646472
76, 12, 0.106667
76, 13, -1
76, 14, -0.0271794
76, 15, -1
76, 16, -0.0182544
76, 17, -0.0941044
76, 18, -0.0182529
76, 19, 0.905174
76, 20, 0.945315
76, 21, -1
76, 22, 0.726778
76, 23, 0.642034
76, 24, 0.20929
76, 25, -1
76, 26, 0.784769
76, 27, -1
76, 28, -1
76, 29, 0.396705
76, 30, 0.280677
76, 31, -1
76, 32, -1
76, 33, -1
76, 34, 0.619751
76, 35, 0.561765
76, 36, -1
76, 37, 0.766951
76, 38, 0.650942
76, 39, -1
76, 40, -1
76, 41, -1
76, 42, 0.566197
76, 43, 0.0888491
76, 44, -1
76, 45, -1
76, 46, -0.0806985
76, 47, -1
76, 48, -0.0940833
76, 49, 0.593013
76, 50, 0.374428
76, 51, 0.423502
76, 52, -1
76, 53, 0.0888582
76, 54, 0.637629
76, 55, -0.152086
76, 56, 0.365473
76, 57, -1
76, 58, -1
76, 59, 0.200405
76, 60, -1
76, 61, 0.985556
76, 62, 0.722357
76, 63, 0.713437
76, 64, -1
76, 65, 0.0754837
76, 66, -1
76, 67, -1
76, 68, -0.169927
76, 69, 0.427988
76, 70, -1
76, 71, 0.10226
76, 72, 0.0666065
76, 73, 0.633203
76, 74, -1
76, 75, 0.459185
76, 76, 0.967753
76, 77, -1
76, 78, 0.298581
76, 79, -1
76, 80, 0.891936
76, 81, -1
76, 82, -1
76, 83, 0.96777
76, 84, -0.107445
76, 85, 0.4592
76, 86, -1
76, 87, 0.606462
76, 88, 0.588619
76, 89, -1
76, 90, -1
76, 91, 0.312022
76, 92, 0.298638
76, 93, 0.561861
76, 94, -1
76, 95, 0.486023
76, 96, -1
76, 97, -1
76, 98, 0.579714
76, 99, 0.0219692
76, 100, 0.905364
76, 101, 0.914288
76, 102, 0.767085
76, 103, 0.111214
76, 104, 0.668947
76, 105, 0.700136
76, 106, 0.512768
76, 107, -1
76, 108, 0.682338
76, 109, 0.50389
76, 110, -1
76, 111, -0.120815
76, 112, 0.155883
76, 113, -1
76, 114, -1
76, 115, 0.624356
76, 116, -0.0583378
76, 117, 0.383441
76, 118, -0.0271001
76, 119, -1
76, 120, 0.905411
76, 121, 0.392329
76, 122, 0.869729
76, 123, 0.633293
76, 124, -1
76, 125, 0.423607
76, 126, -1
76, 127, -1
76, 128, -1
76, 129, -1
76, 130, 0.303106
76, 131, 0.566386
76, 132, 0.63777
76, 133, -1
76, 134, -1
76, 135, -1
76, 136, 0.954519
76, 137, 0.503894
76, 138, 0.196028
76, 139, -1
76, 140, -1
76, 141, 0.392357
76, 142, 0.289735
76, 143, 0.155874
76, 144, 0.254041
76, 145, -1
76, 146, -0.125254
76, 147, 0.744871
76, 148, -1
76, 149, 0.615453
76, 150, 0.414719
76, 151, -0.00918465
76, 152, -1
76, 153, 0.142497
76, 154, -1
76, 155, -1
76, 156, -1
76, 157, 0.481616
76, 158, -1
76, 159, -1
76, 160, 0.423616
76, 161, 0.298682
76, 162, 0.727055
76, 163, 0.303187
76, 164, 0.222829
76, 165, 0.468283
76, 166, -1
76, 167, -1
76, 168, -1
76, 169, -0.29929
76, 170, -1
76, 171, -1
76, 172, 0.213953
76, 173, 0.343318
76, 174, 0.526301
76, 175, -1
76, 176, 0.713698
76, 177, 0.396908
76, 178, -1
76, 179, 0.990316
76, 180, 0.633355
76, 181, 0.691399
76, 182, 0.45046
76, 183, -0.183247
76, 184, 0.459387
76, 185, -1
76, 186, 0.985872
76, 187, -1
76, 188, 0.280866
76, 189, 0.432622
76, 190, -1
76, 191, 0.164847
76, 192, -1
76, 193, 0.169311
76, 194, 0.0131222
76, 195, 0.588762
76, 196, -1
76, 197, 0.10684
76, 198, 0.459368
76, 199, -1
76, 200, 0.602157
76, 201, 0.276419
76, 202, -1
76, 203, 0.365668
76, 204, 0.330011
76, 205, 0.289851
76, 206, 0.392486
76, 207, -1
76, 208, -1
76, 209, -0.0805847
76, 210, -1
76, 211, 0.138132
76, 212, -1
76, 213, 0.316595
76, 214, -1
76, 215, -1
76, 216, 0.089007
76, 217, -1
76, 218, -1
76, 219, 0.99934
76, 220, 0.481712
76, 221, 0.637931
76, 222, -1
76, 223, 0.0399228
76, 224, -1
76, 225, 0.0622385
76, 226, 0.736106
76, 227, -1
76, 228, -1
76, 229, -1
76, 230, -0.250167
76, 231, 0.178316
76, 232, -0.00916136
76, 233, -1
76, 234, -1
76, 235, -1
76, 236, -1
76, 237, -0.0314722
76, 238, -0.138584
76, 239, -1
76, 240, 0.861073
76, 241, -1
76, 242, -1
76, 243, 0.642433
76, 244, 0.356797
76, 245, -1
76, 246, 0.544266
76, 247, -1
76, 248, -1
76, 249, 0.205112
76, 250, 0.562082
76, 251, -0.22784
76, 252, -1
76, 253, -0.0716278
76, 254, 0.669227
76, 255, 0.0131719
76, 256, -1
76, 257, 0.553169
76, 258, 0.294337
76, 259, -1
76, 260, 0.704937
76, 261, -1
76, 262, 0.75849
76, 263, -0.29032
76, 264, -1
76, 265, -0.15642
76, 266, -1
76, 267, -1
76, 268, 0.236332
76, 269, 0.441662
76, 270, -0.111785
76, 271, -0.205513
76, 272, 0.419353
76, 273, 0.115837
76, 274, -1
76, 275, -1
76, 276, 0.298822
76, 277, 0.504152
76, 278, -1
76, 279, 0.56213
76, 280, 0.151548
76, 281, 0.874553
76, 282, -1
76, 283, 0.245275
76, 284, -0.0626793
76, 285, 0.776387
76, 286, 0.517555
76, 287, 0.312224
76, 288, -1
76, 289, -1
76, 290, -1
76, 291, -1
76, 292, -1
76, 293, 0.285494
76, 294, -1
76, 295, -1
76, 296, -1
76, 297, -0.120693
76, 298, 0.263144
76, 299, 0.776416
76, 300, 0.687164
76, 301, -1
76, 302, -1
76, 303, 0.249761
76, 304, -0.27691
76, 305, -1
76, 306, 0.414898
76, 307, -1
76, 308, 0.160543
76, 309, 0.82999
76, 310, 0.0132166
76, 311, -1
76, 312, 0.562185
76, 313, 0.0623157
76, 314, 0.0132199
76, 315, 0.42834
76, 316, -1
76, 317, -1
76, 318, -1
76, 319, -1
76, 320, 0.0846386
76, 321, 0.227465
76, 322, -1
76, 323, 0.597908
76, 324, -1
76, 325, -1
76, 326, 0.861267
76, 327, -1
76, 328, -1
76, 329, -1
76, 330, 0.611349
76, 331, -1
76, 332, -1
76, 333, 0.356954
76, 334, -1
76, 335, -1
76, 336, 0.789882
76, 337, -1
76, 338, -1
76, 339, 0.655956
76, 340, 0.937169
76, 341, 0.780966
76, 342, 0.517603
76, 343, -1
76, 344, -1
76, 345, 0.74527
76, 346, -1
76, 347, -1
76, 348, -1
76, 349, 0.754204
76, 350, -1
76, 351, -1
76, 352, -1
76, 353, -1
76, 354, 0.63813
76, 355, 0.00878965
76, 356, 0.870261
76, 357, -1
76, 358, 0.624748
76, 359, -1
76, 360, 0.0534298
76, 361, 0.205192
76, 362, -1
76, 363, 0.111459
76, 364, 0.964006
76, 365, 0.115925
76, 366, 0.089144
76, 367, 0.29451
76, 368, 0.365887
76, 369, -1
76, 370, -1
76, 371, 0.102539
76, 372, -0.178673
76, 373, 0.0132679
76, 374, 0.0311235
76, 375, -1
76, 376, -1
76, 377, -1
76, 378, -1
76, 379, -1
76, 380, -1
76, 381, -1
76, 382, -1
76, 383, -1
76, 384, 0.937275
76, 385, 0.450718
76, 386, 0.548958
76, 387, 0.473079
76, 388, 0.357026
76, 389, -1
76, 390, 0.758751
76, 391, -1
76, 392, -1
76, 393, -1
76, 394, 0.548971
76, 395, 0.941765
76, 396, 0.124882
76, 397, -1
76, 398, -0.0492056
76, 399, 0.642716
77, 0, -1
77, 1, -0.0539602
77, 2, -1
77, 3, -0.227973
77, 4, 0.775761
77, 5, 0.682101
77, 6, -0.0896508
77, 7, 0.432319
77, 8, 0.534955
77, 9, -0.187811
77, 10, 0.561681
77, 11, 0.499275
77, 12, -1
77, 13, 0.124512
77, 14, -1
77, 15, -1
77, 16, -1
77, 17, 0.610758
77, 18, 0.691046
77, 19, 0.887332
77, 20, 0.128981
77, 21, -0.285973
77, 22, 0.949777
77, 23, 0.142368
77, 24, -1
77, 25, -1
77, 26, -0.0851751
77, 27, -1
77, 28, -0.285969
77, 29, 0.508225
77, 30, -1
77, 31, -1
77, 32, 0.713415
77, 33, -1
77, 34, -0.0137794
77, 35, -1
77, 36, -1
77, 37, 0.900754
77, 38, 0.865076
77, 39, -1
77, 40, -1
77, 41, -1
77, 42, 0.642066
77, 43, 0.160234
77, 44, 0.396684
77, 45, 0.691138
77, 46, -1
77, 47, 0.209314
77, 48, -1
77, 49, 0.137972
77, 50, -1
77, 51, -0.303808
77, 52, 0.169206
77, 53, -1
77, 54, 0.628706
77, 55, 0.334282
77, 56, -1
77, 57, -1
77, 58, -1
77, 59, 0.749152
77, 60, 0.967711
77, 61, -1
77, 62, 0.86959
77, 63, 0.784845
77, 64, 0.28968
77, 65, -1
77, 66, 0.838377
77, 67, -1
77, 68, 0.0978349
77, 69, -1
77, 70, -1
77, 71, -1
77, 72, 0.0174842
77, 73, 0.588592
77, 74, -1
77, 75, 0.758106
77, 76, 0.0844164
77, 77, -1
77, 78, -1
77, 79, -1
77, 80, 0.945459
77, 81, 0.552917
77, 82, 0.856254
77, 83, 0.99899
77, 84, 0.606415
77, 85, 0.949931
77, 86, -1
77, 87, 0.423551
77, 88, 0.593079
77, 89, -1
77, 90, -1
77, 91, 0.548432
77, 92, 0.829513
77, 93, 0.499403
77, 94, -1
77, 95, 0.472598
77, 96, -1
77, 97, 0.860749
77, 98, 0.0799743
77, 99, 0.865214
77, 100, -1
77, 101, 0.213835
77, 102, 0.606446
77, 103, 0.316457
77, 104, -1
77, 105, 0.673408
77, 106, -1
77, 107, 0.704599
77, 108, 0.829548
77, 109, 0.463696
77, 110, 0.298618
77, 111, 0.303081
77, 112, 0.602042
77, 113, -1
77, 114, -1
77, 115, -1
77, 116, 0.588666
77, 117, -1
77, 118, 0.499401
77, 119, -1
77, 120, -1
77, 121, 0.71805
77, 122, 0.468177
77, 123, 0.468218
77, 124, 0.834044
77, 125, 0.414642
77, 126, -1
77, 127, 0.999103
77, 128, -1
77, 129, 0.941117
77, 130, -1
77, 131, -1
77, 132, -1
77, 133, 0.673461
77, 134, 0.133553
77, 135, -1
77, 136, -1
77, 137, 0.196026
77, 138, -1
77, 139, -1
77, 140, -1
77, 141, 0.37897
77, 142, 0.78497
77, 143, 0.700248
77, 144, 0.691287
77, 145, -1
77, 146, -1
77, 147, -1
77, 148, -1
77, 149, 0.847442
77, 150, 0.102333
77, 151, -1
77, 152, -1
77, 153, 0.838569
77, 154, 0.646691
77, 155, 0.521807
77, 156, -1
77, 157, 0.651158
77, 158, -1
77, 159, -1
77, 160, -1
77, 161, -1
77, 162, -1
77, 163, 0.843052
77, 164, -1
77, 165, 0.477165
77, 166, 0.834136
77, 167, -1
77, 168, -1
77, 169, 0.0845411
77, 170, -1
77, 171, 0.816301
77, 172, -1
77, 173, 0.410247
77, 174, 0.816308
77, 175, 0.4326
77, 176, 0.530724
77, 177, 0.99923
77, 178, 0.588772
77, 179, -1
77, 180, -1
77, 181, 0.999241
77, 182, -1
77, 183, -1
77, 184, 0.887713
77, 185, 0.0131141
77, 186, -1
77, 187, -1
77, 188, 0.218432
77, 189, -1
77, 190, -1
77, 191, -1
77, 192, 0.753883
77, 193, 0.856503
77, 194, 0.289796
77, 195, 0.562029
77, 196, -1
77, 197, -1
77, 198, -1
77, 199, 0.758359
77, 200, 0.927905
77, 201, -1
77, 202, 0.923448
77, 203, 0.999297
77, 204, -1
77, 205, 0.196098
77, 206, -1
77, 207, -0.0626951
77, 208, -1
77, 209, 0.0533385
77, 210, 0.173831
77, 211, -1
77, 212, -0.143064
77, 213, 0.432655
77, 214, 0.718192
77, 215, 0.334486
77, 216, -1
77, 217, 0.588798
77, 218, -1
77, 219, 0.629001
77, 220, -1
77, 221, 0.285366
77, 222, -1
77, 223, 0.365693
77, 224, -1
77, 225, 0.138104
77, 226, -1
77, 227, -1
77, 228, -1
77, 229, 0.245253
77, 230, -1
77, 231, -1
77, 232, 0.401445
77, 233, -1
77, 234, 0.820899
77, 235, -1
77, 236, 0.441573
77, 237, 0.557637
77, 238, -0.116269
77, 239, 0.691468
77, 240, -1
77, 241, -1
77, 242, 0.321092
77, 243, 0.651315
77, 244, 0.624583
77, 245, -1
77, 246, -1
77, 247, 0.325602
77, 248, 0.263085
77, 249, -1
77, 250, -1
77, 251, -1
77, 252, 0.816476
77, 253, -1
77, 254, 0.745084
77, 255, -1
77, 256, 0.883377
77, 257, 0.187227
77, 258, -1
77, 259, 0.584448
77, 260, 0.352354
77, 261, -1
77, 262, 0.129215
77, 263, -1
77, 264, -1
77, 265, -1
77, 266, -1
77, 267, -0.165346
77, 268, 0.593388
77, 269, -1
77, 270, 0.397035
77, 271, 0.820979
77, 272, 0.936962
77, 273, -1
77, 274, -1
77, 275, -1
77, 276, -1
77, 277, 0.0533571
77, 278, 0.789758
77, 279, 0.905782
77, 280, 0.812074
77, 281, 0.736214
77, 282, 0.731753
77, 283, -1
77, 284, -1
77, 285, 0.535362
77, 286, -1
77, 287, 0.780811
77, 288, -1
77, 289, -1
77, 290, -1
77, 291, -1
77, 292, -1
77, 293, 0.999527
77, 294, -1
77, 295, -1
77, 296, 0.709468
77, 297, -1
77, 298, 0.535383
77, 299, 0.508648
77, 300, -1
77, 301, -1
77, 302, -1
77, 303, 0.214055
77, 304, -1
77, 305, 0.102477
77, 306, -1
77, 307, 0.660398
77, 308, 0.459569
77, 309, 0.267659
77, 310, -1
77, 311, -1
77, 312, 0.932636
77, 313, -1
77, 314, 0.124802
77, 315, 0.557766
77, 316, -1
77, 317, -0.125144
77, 318, -1
77, 319, -0.151924
77, 320, 0.865714
77, 321, -1
77, 322, -0.156386
77, 323, 0.48637
77, 324, -1
77, 325, 0.249825
77, 326, 0.281069
77, 327, 0.450671
77, 328, 0.209619
77, 329, -0.165309
77, 330, -1
77, 331, 0.713999
77, 332, 0.905907
77, 333, -1
77, 334, -1
77, 335, -0.116165
77, 336, -1
77, 337, -0.142986
77, 338, -0.0849588
77, 339, -0.0269322
77, 340, 0.339068
77, 341, -1
77, 342, -0.107274
77, 343, -1
77, 344, -1
77, 345, -1
77, 346, -0.0447811
77, 347, -0.00456794
77, 348, -1
77, 349, 0.321267
77, 350, -1
77, 351, -1
77, 352, 0.803303
77, 353, -1
77, 354, -0.0447751
77, 355, 0.343591
77, 356, -1
77, 357, -1
77, 358, -0.107263
77, 359, 0.535482
77, 360, 0.999698
77, 361, 0.334632
77, 362, -1
77, 363, 0.968464
77, 364, 0.745266
77, 365, -1
77, 366, 0.66493
77, 367, -1
77, 368, -0.209923
77, 369, 0.415025
77, 370, 0.120392
77, 371, -1
77, 372, -1
77, 373, 0.705114
77, 374, 0.23649
77, 375, -1
77, 376, 0.557867
77, 377, -0.142961
77, 378, 0.67392
77, 379, 0.910481
77, 380, -1
77, 381, 0.12933
77, 382, 0.084694
77, 383, 0.772125
77, 384, 0.736419
77, 385, -1
77, 386, 0.56677
77, 387, 0.682864
77, 388, -1
77, 389, -1
77, 390, -1
77, 391, 0.43287
77, 392, -1
77, 393, 0.749828
77, 394, -1
77, 395, 0.504335
77, 396, -1
77, 397, -1
77, 398, -1
77, 399, 0.593574
78, 0, 0.766871
78, 1, -1
78, 2, -1
78, 3, 0.508142
78, 4, 0.802559
78, 5, -1
78, 6, 0.285148
78, 7, -1
78, 8, -1
78, 9, -1
78, 10, -1
78, 11, -1
78, 12, 0.713374
78, 13, 0.757978
78, 14, 0.882859
78, 15, 0.940838
78, 16, -1
78, 17, 0.998819
78, 18, -1
78, 19, -1
78, 20, -0.0271764
78, 21, -1
78, 22, 0.303011
78, 23, 0.610807
78, 24, 0.503755
78, 25, -1
78, 26, -1
78, 27, -1
78, 28, -1
78, 29, -1
78, 30, -1
78, 31, -1
78, 32, 0.606362
78, 33, -1
78, 34, 0.873985
78, 35, 0.882907
78, 36, -1
78, 37, -1
78, 38, 0.998873
78, 39, -1
78, 40, 0.753572
78, 41, 0.816018
78, 42, 0.213769
78, 43, 0.0576557
78, 44, -1
78, 45, -1
78, 46, -1
78, 47, -1
78, 48, -1
78, 49, -1
78, 50, -1
78, 51, -1
78, 52, 0.325355
78, 53, 0.860647
78, 54, 0.833888
78, 55, 0.998916
78, 56, 0.838352
78, 57, 0.0041257
78, 58, -1
78, 59, -1
78, 60, -1
78, 61, 0.610874
78, 62, -0.022642
78, 63, 0.566269
78, 64, -1
78, 65, -1
78, 66, -1
78, 67, -1
78, 68, 0.0844485
78, 69, -0.0717193
78, 70, -1
78, 71, 0.151338
78, 72, 0.851769
78, 73, -1
78, 74, -1
78, 75, -1
78, 76, -1
78, 77, -1
78, 78, -1
78, 79, -0.0494015
78, 80, -1
78, 81, 0.468114
78, 82, -1
78, 83, -1
78, 84, -1
78, 85, -0.00923806
78, 86, -0.0583207
78, 87, -1
78, 88, -1
78, 89, -1
78, 90, -1
78, 91, -1
78, 92, -1
78, 93, -1
78, 94, 0.552937
78, 95, -1
78, 96, -1
78, 97, 0.905353
78, 98, -1
78, 99, 0.602018
78, 100, 0.0175063
78, 101, -1
78, 102, -1
78, 103, 0.423532
78, 104, 0.445881
78, 105, -1
78, 106, -1
78, 107, -1
78, 108, -1
78, 109, 0.7894
78, 110, 0.874158
78, 111, -1
78, 112, -1
78, 113, -1
78, 114, -1
78, 115, -1
78, 116, -1
78, 117, -1
78, 118, 0.173694
78, 119, -1
78, 120, -1
78, 121, 0.914331
78, 122, -1
78, 123, -1
78, 124, 0.405716
78, 125, -1
78, 126, -1
78, 127, 0.896501
78, 128, 0.646682
78, 129, -1
78, 130, 0.878665
78, 131, -1
78, 132, -1
78, 133, -1
78, 134, -1
78, 135, -1
78, 136, -1
78, 137, -1
78, 138, -1
78, 139, 0.231763
78, 140, -1
78, 141, -0.000309614
78, 142, 0.53517
78, 143, 0.45036
78, 144, 0.392358
78, 145, -1
78, 146, -1
78, 147, -1
78, 148, 0.825172
78, 149, 0.762716
78, 150, 0.914399
78, 151, 0.106835
78, 152, -1
78, 153, -1
78, 154, -1
78, 155, -1
78, 156, -1
78, 157, -1
78, 158, -1
78, 159, -1
78, 160, 0.999184
78, 161, 0.909964
78, 162, -1
78, 163, 0.785052
78, 164, -1
78, 165, -0.129706
78, 166, 0.535168
78, 167, 0.78506
78, 168, 0.789524
78, 169, -1
78, 170, -1
78, 171, -1
78, 172, -1
78, 173, -0.151974
78, 174, -1
78, 175, -1
78, 176, -0.0448675
78, 177, -1
78, 178, 0.499533
78, 179, 0.347825
78, 180, 0.731549
78, 181, -1
78, 182, 0.445955
78, 183, 0.441494
78, 184, 0.968016
78, 185, -1
78, 186, -1
78, 187, 0.936794
78, 188, 0.816336
78, 189, 0.785107
78, 190, -1
78, 191, 0.36569
78, 192, -1
78, 193, 0.851999
78, 194, -1
78, 195, -1
78, 196, 0.383505
78, 197, 0.901126
78, 198, -1
78, 199, -1
78, 200, 0.910056
78, 201, -1
78, 202, -1
78, 203, 0.798521
78, 204, -1
78, 205, 0.776216
78, 206, 0.669134
78, 207, 0.686983
78, 208, 0.762837
78, 209, -1
78, 210, -1
78, 211, -1
78, 212, 0.771769
78, 213, 0.91901
78, 214, 0.780697
78, 215, -1
78, 216, -1
78, 217, -1
78, 218, 0.704852
78, 219, 0.704854
78, 220, 0.468322
78, 221, 0.682548
78, 222, -1
78, 223, 0.847645
78, 224, -1
78, 225, 0.968118
78, 226, -1
78, 227, 0.856577
78, 228, -1
78, 229, 0.124719
78, 230, 0.798578
78, 231, 0.504077
78, 232, 0.968136
78, 233, -1
78, 234, 0.910136
78, 235, 0.807513
78, 236, 0.0220806
78, 237, 0.820904
78, 238, 0.945841
78, 239, 0.887838
78, 240, -1
78, 241, -1
78, 242, -1
78, 243, -1
78, 244, -1
78, 245, 0.803072
78, 246, -1
78, 247, -1
78, 248, 0.936942
78, 249, 0.508568
78, 250, 0.651366
78, 251, -1
78, 252, 0.932489
78, 253, 0.820938
78, 254, -1
78, 255, 0.968193
78, 256, 0.798593
78, 257, -1
78, 258, -1
78, 259, 0.749515
78, 260, 0.687044
78, 261, 0.825418
78, 262, -1
78, 263, -1
78, 264, 0.99945
78, 265, 0.945907
78, 266, -1
78, 267, -1
78, 268, -1
78, 269, -1
78, 270, 0.664791
78, 271, -1
78, 272, 0.834326
78, 273, 0.85668
78, 274, 0.937004
78, 275, -1
78, 276, 0.794173
78, 277, 0.968248
78, 278, -1
78, 279, -1
78, 280, -1
78, 281, 0.838849
78, 282, 0.843313
78, 283, -1
78, 284, 0.999501
78, 285, 0.97273
78, 286, 0.928109
78, 287, 0.968273
78, 288, 0.740688
78, 289, 0.562143
78, 290, -1
78, 291, -1
78, 292, -1
78, 293, -1
78, 294, -1
78, 295, 0.937055
78, 296, 0.414881
78, 297, 0.870122
78, 298, -0.0314275
78, 299, 0.499721
78, 300, -1
78, 301, -1
78, 302, -1
78, 303, -1
78, 304, 0.968315
78, 305, -1
78, 306, 0.999558
78, 307, -1
78, 308, 0.687175
78, 309, -1
78, 310, -1
78, 311, -1
78, 312, 0.937096
78, 313, -1
78, 314, 0.923713
78, 315, -1
78, 316, 0.499747
78, 317, -1
78, 318, 0.901369
78, 319, -1
78, 320, 0.642528
78, 321, 0.0802147
78, 322, -1
78, 323, -0.125101
78, 324, 0.932662
78, 325, 0.946053
78, 326, 0.816634
78, 327, 0.968372
78, 328, 0.888044
78, 329, -1
78, 330, 0.249789
78, 331, 0.999622
78, 332, -1
78, 333, 0.419396
78, 334, 0.910372
78, 335, 0.88806
78, 336, 0.477422
78, 337, -1
78, 338, -1
78, 339, 0.883606
78, 340, -1
78, 341, -1
78, 342, -1
78, 343, 0.321258
78, 344, -1
78, 345, 0.798782
78, 346, -1
78, 347, 0.825605
78, 348, 0.705104
78, 349, 0.789905
78, 350, -1
78, 351, 0.879171
78, 352, -1
78, 353, 0.91488
78, 354, -1
78, 355, 0.191833
78, 356, -1
78, 357, 0.00432605
78, 358, 0.330163
78, 359, -1
78, 360, -1
78, 361, 0.905973
78, 362, 0.571232
78, 363, 0.209655
78, 364, -1
78, 365, 0.473002
78, 366, -1
78, 367, -1
78, 368, 0.812261
78, 369, 0.789947
78, 370, 0.214167
78, 371, -1
78, 372, -1
78, 373, 0.227561
78, 374, -1
78, 375, 0.490912
78, 376, 0.303405
78, 377, 0.999739
78, 378, 0.870306
78, 379, 0.566797
78, 380, -1
78, 381, 0.97297
78, 382, -1
78, 383, -1
78, 384, -1
78, 385, -1
78, 386, -1
78, 387, -1
78, 388, -1
78, 389, -1
78, 390, -1
78, 391, -1
78, 392, -1
78, 393, 0.432912
78, 394, -1
78, 395, -1
78, 396, -1
78, 397, -1
78, 398, -1
78, 399, 0.718593
79, 0, 0.784668
79, 1, -1
79, 2, 0.740073
79, 3, -1
79, 4, 0.369861
79, 5, -1
79, 6, -1
79, 7, 0.865001
79, 8, -1
79, 9, 0.557216
79, 10, -0.0182614
79, 11, -1
79, 12, -1
79, 13, 0.0352806
79, 14, 0.740097
79, 15, 0.85164
79, 16, 0.481397
79, 17, 0.075438
79, 18, 0.128977
79, 19, -1
79, 20, 0.989905
79, 21, -1
79, 22, 0.731233
79, 23, 0.780297
79, 24, 0.86504
79, 25, -1
79, 26, 0.802563
79, 27, 0.526061
79, 28, 0.615275
79, 29, 0.4993
79, 30, -1
79, 31, 0.307442
79, 32, -0.0896343
79, 33, 0.173606
79, 34, 0.628667
79, 35, 0.7491
79, 36, 0.673275
79, 37, 0.766945
79, 38, -1
79, 39, 0.169151
79, 40, 0.0888436
79, 41, 0.949819
79, 42, 0.552809
79, 43, 0.129001
79, 44, -1
79, 45, -1
79, 46, -1
79, 47, 0.485905
79, 48, -1
79, 49, -0.0717745
79, 50, -1
79, 51, -1
79, 52, 0.173625
79, 53, -1
79, 54, 0.481455
79, 55, 0.610861
79, 56, 0.588559
79, 57, -0.0717689
79, 58, -1
79, 59, 0.753569
79, 60, 0.490426
79, 61, -1
79, 62, -1
79, 63, -1
79, 64, 0.86513
79, 65, 0.481471
79, 66, 0.55731
79, 67, -1
79, 68, -1
79, 69, 0.338759
79, 70, -0.116341
79, 71, -1
79, 72, -1
79, 73, -1
79, 74, 0.271844
79, 75, -0.196699
79, 76, 0.61982
79, 77, 0.78487
79, 78, 0.949909
79, 79, -0.0806776
79, 80, 0.798258
79, 81, -1
79, 82, -1
79, 83, -0.0315912
79, 84, -1
79, 85, 0.851796
79, 86, -1
79, 87, -1
79, 88, 0.374475
79, 89, -1
79, 90, 0.0800056
79, 91, -0.245737
79, 92, 0.0666215
79, 93, -1
79, 94, 0.182633
79, 95, -1
79, 96, 0.231714
79, 97, -1
79, 98, 0.280755
79, 99, 0.842906
79, 100, 0.874133
79, 101, -1
79, 102, -1
79, 103, -1
79, 104, 0.588642
79, 105, 0.780468
79, 106, 0.0308968
79, 107, 0.383423
79, 108, -1
79, 109, -1
79, 110, -0.0940027
79, 111, -1
79, 112, -1
79, 113, -1
79, 114, -1
79, 115, 0.106801
79, 116, 0.178153
79, 117, -0.165437
79, 118, 0.602009
79, 119, -0.205599
79, 120, 0.575245
79, 121, -1
79, 122, -1
79, 123, -1
79, 124, -1
79, 125, -0.129732
79, 126, -1
79, 127, -1
79, 128, 0.374488
79, 129, -0.116342
79, 130, 0.726986
79, 131, -1
79, 132, 0.298643
79, 133, -1
79, 134, -1
79, 135, -1
79, 136, 0.637732
79, 137, 0.735882
79, 138, 0.749268
79, 139, 0.258494
79, 140, 0.749272
79, 141, -1
79, 142, 0.767161
79, 143, -1
79, 144, -1
79, 145, -1
79, 146, -0.0895559
79, 147, 0.245117
79, 148, -1
79, 149, 0.472716
79, 150, 0.553028
79, 151, 0.544106
79, 152, 0.374561
79, 153, -1
79, 154, 0.365639
79, 155, -1
79, 156, 0.486112
79, 157, -1
79, 158, -1
79, 159, -1
79, 160, 0.209434
79, 161, 0.972418
79, 162, 0.512892
79, 163, 0.338839
79, 164, 0.472739
79, 165, 0.709209
79, 166, 0.731478
79, 167, -1
79, 168, -1
79, 169, -1
79, 170, 0.231756
79, 171, -0.12524
79, 172, -1
79, 173, -1
79, 174, -1
79, 175, -1
79, 176, 0.463833
79, 177, 0.59769
79, 178, 0.209454
79, 179, -1
79, 180, 0.017571
79, 181, -1
79, 182, 0.548619
79, 183, -1
79, 184, -1
79, 185, 0.642282
79, 186, -1
79, 187, 0.941253
79, 188, 0.976947
79, 189, -1
79, 190, 0.218432
79, 191, 0.0711715
79, 192, 0.0577847
79, 193, -1
79, 194, -0.205557
79, 195, -1
79, 196, -1
79, 197, -1
79, 198, -1
79, 199, -1
79, 200, -1
79, 201, -0.000262618
79, 202, 0.785132
79, 203, -1
79, 204, -0.241256
79, 205, -1
79, 206, -1
79, 207, -1
79, 208, 0.620054
79, 209, 0.374597
79, 210, -1
79, 211, -1
79, 212, -1
79, 213, 0.343406
79, 214, -1
79, 215, 0.463891
79, 216, 0.334445
79, 217, 0.209496
79, 218, 0.785165
79, 219, -1
79, 220, -0.00471031
79, 221, -1
79, 222, 0.691472
79, 223, -1
79, 224, 0.504065
79, 225, -1
79, 226, -0.10289
79, 227, 0.642398
79, 228, -1
79, 229, -1
79, 230, -0.218886
79, 231, -0.134087
79, 232, -0.254631
79, 233, -1
79, 234, 0.361283
79, 235, 0.700421
79, 236, -1
79, 237, -1
79, 238, 0.999381
79, 239, -1
79, 240, 0.771825
79, 241, 0.941384
79, 242, -1
79, 243, -1
79, 244, 0.669162
79, 245, 0.080105
79, 246, 0.0444027
79, 247, 0.0489068
79, 248, 0.160479
79, 249, -1
79, 250, -1
79, 251, -1
79, 252, 0.254202
79, 253, 0.20061
79, 254, -1
79, 255, 0.129206
79, 256, 0.316645
79, 257, 0.00424502
79, 258, -1
79, 259, 0.615641
79, 260, 0.678157
79, 261, 0.553211
79, 262, -1
79, 263, -1
79, 264, -1
79, 265, -1
79, 266, 0.142646
79, 267, -1
79, 268, -1
79, 269, 0.459509
79, 270, -1
79, 271, -1
79, 272, -1
79, 273, -0.192123
79, 274, -1
79, 275, 0.745123
79, 276, 0.968243
79, 277, 0.700502
79, 278, 0.798678
79, 279, -1
79, 280, -1
79, 281, -1
79, 282, 0.780797
79, 283, 0.807614
79, 284, 0.178328
79, 285, -1
79, 286, 0.629117
79, 287, -1
79, 288, 0.397057
79, 289, 0.397058
79, 290, -1
79, 291, -1
79, 292, -1
79, 293, 0.214042
79, 294, 0.504174
79, 295, -0.245672
79, 296, 0.709423
79, 297, 0.629097
79, 298, 0.0623
79, 299, 0.24529
79, 300, -1
79, 301, 0.718399
79, 302, 0.883519
79, 303, -1
79, 304, -1
79, 305, -1
79, 306, 0.37923
79, 307, 0.691634
79, 308, -1
79, 309, -1
79, 310, -1
79, 311, -1
79, 312, -1
79, 313, -0.0403436
79, 314, 0.553298
79, 315, -1
79, 316, 0.731817
79, 317, -1
79, 318, -1
79, 319, 0.535414
79, 320, -1
79, 321, 0.749638
79, 322, -1
79, 323, -0.134069
79, 324, 0.999601
79, 325, 0.963902
79, 326, 0.0400076
79, 327, 0.0533986
79, 328, -1
79, 329, 0.147171
79, 330, 0.133782
79, 331, 0.678291
79, 332, 0.651515
79, 333, 0.321204
79, 334, 0.745242
79, 335, 0.575608
79, 336, 0.343524
79, 337, 0.83893
79, 338, -1
79, 339, -1
79, 340, 0.700583
79, 341, 0.218557
79, 342, -1
79, 343, -1
79, 344, 0.526568
79, 345, 0.90147
79, 346, -1
79, 347, 0.352465
79, 348, -1
79, 349, -1
79, 350, -1
79, 351, 0.321267
79, 352, -0.13405
79, 353, 0.548899
79, 354, -1
79, 355, -0.178685
79, 356, -0.0894114
79, 357, -0.0269199
79, 358, 0.874722
79, 359, 0.307846
79, 360, -1
79, 361, 0.0936003
79, 362, -1
79, 363, 0.464071
79, 364, -1
79, 365, 0.495358
79, 366, -1
79, 367, 0.664928
79, 368, -1
79, 369, -1
79, 370, -1
79, 371, 0.419489
79, 372, 0.714075
79, 373, -1
79, 374, 0.682835
79, 375, 0.464089
79, 376, 0.910469
79, 377, 0.99081
79, 378, -1
79, 379, 0.968499
79, 380, 0.999744
79, 381, 0.932797
79, 382, 0.781005
79, 383, -1
79, 384, 0.401653
79, 385, -0.0268986
79, 386, 0.107014
79, 387, -1
79, 388, 0.254318
79, 389, -1
79, 390, 0.598018
79, 391, 0.223076
79, 392, 0.90158
79, 393, 0.281106
79, 394, -1
79, 395, 0.798927
79, 396, -1
79, 397, -1
79, 398, -1
79, 399, -1
80, 0, -1
80, 1, -1
80, 2, 0.878367
80, 3, 0.936345
80, 4, -1
80, 5, 0.258338
80, 6, -1
80, 7, 0.998788
80, 8, -0.259207
80, 9, 0.33422
80, 10, 0.0174309
80, 11, -1
80, 12, -0.120882
80, 13, 0.584024
80, 14, -1
80, 15, -1
80, 16, -1
80, 17, 0.227123
80, 18, -1
80, 19, 0.191436
80, 20, 0.0531321
80, 21, -0.147648
80, 22, 0.972069
80, 23, 0.878415
80, 24, 0.0397507
80, 25, 0.695555
80, 26, -1
80, 27, 0.320819
80, 28, 0.802565
80, 29, -1
80, 30, 0.173602
80, 31, 0.561751
80, 32, -1
80, 33, -1
80, 34, -1
80, 35, -1
80, 36, 0.56618
80, 37, 0.173609
80, 38, 0.847229
80, 39, 0.918592
80, 40, -1
80, 41, 0.882916
80, 42, 0.860618
80, 43, 0.579574
80, 44, -0.210104
80, 45, 0.561734
80, 46, 0.637567
80, 47, -1
80, 48, -1
80, 49, 0.0978145
80, 50, 0.392227
80, 51, 0.0486971
80, 52, 0.445803
80, 53, -1
80, 54, 0.548367
80, 55, -1
80, 56, 0.998914
80, 57, 0.276284
80, 58, 0.824971
80, 59, -1
80, 60, -1
80, 61, 0.84728
80, 62, 0.6599
80, 63, -1
80, 64, -1
80, 65, 0.68671
80, 66, -1
80, 67, 0.972181
80, 68, -1
80, 69, 0.615345
80, 70, -1
80, 71, -1
80, 72, -1
80, 73, -1
80, 74, 0.869571
80, 75, 0.548441
80, 76, 0.561826
80, 77, -1
80, 78, 0.829476
80, 79, 0.945449
80, 80, 0.753609
80, 81, -1
80, 82, -1
80, 83, 0.289659
80, 84, -1
80, 85, -1
80, 86, 0.356585
80, 87, -1
80, 88, 0.628762
80, 89, 0.526159
80, 90, -1
80, 91, -1
80, 92, 0.566314
80, 93, 0.18259
80, 94, -1
80, 95, 0.784905
80, 96, -1
80, 97, -1
80, 98, -1
80, 99, -1
80, 100, 0.851827
80, 101, 0.722466
80, 102, -1
80, 103, -1
80, 104, 0.749237
80, 105, 0.00412228
80, 106, 0.526186
80, 107, -1
80, 108, 0.503842
80, 109, 0.615416
80, 110, 0.392349
80, 111, -1
80, 112, 0.334351
80, 113, 0.320967
80, 114, -0.268079
80, 115, -1
80, 116, -1
80, 117, 0.758186
80, 118, -1
80, 119, 0.887556
80, 120, 0.530629
80, 121, 0.722505
80, 122, 0.539555
80, 123, -0.143122
80, 124, -1
80, 125, 0.387868
80, 126, -1
80, 127, -1
80, 128, 0.691291
80, 129, 0.129083
80, 130, -1
80, 131, -1
80, 132, -1
80, 133, -0.0672129
80, 134, -1
80, 135, 0.338842
80, 136, -1
80, 137, -1
80, 138, 0.816223
80, 139, 0.820687
80, 140, 0.727004
80, 141, 0.512817
80, 142, 0.84746
80, 143, -1
80, 144, -1
80, 145, -1
80, 146, -1
80, 147, 0.731479
80, 148, 0.642253
80, 149, 0.727022
80, 150, 0.236195
80, 151, -1
80, 152, -1
80, 153, -1
80, 154, -1
80, 155, 0.155882
80, 156, 0.445914
80, 157, 0.0934118
80, 158, -1
80, 159, -1
80, 160, 0.892072
80, 161, -1
80, 162, 0.325491
80, 163, 0.740393
80, 164, 0.976884
80, 165, 0.936736
80, 166, -1
80, 167, -1
80, 168, 0.508438
80, 169, 0.472745
80, 170, 0.883213
80, 171, -1
80, 172, -1
80, 173, -1
80, 174, 0.0131027
80, 175, 0.860918
80, 176, -1
80, 177, -1
80, 178, 0.593188
80, 179, 0.798466
80, 180, -1
80, 181, -1
80, 182, 0.789549
80, 183, -1
80, 184, -1
80, 185, 0.999243
80, 186, -1
80, 187, 0.454924
80, 188, -1
80, 189, 0.62444
80, 190, 0.794028
80, 191, 0.133606
80, 192, -0.0537826
80, 193, -1
80, 194, -1
80, 195, -1
80, 196, -1
80, 197, -1
80, 198, -1
80, 199, -1
80, 200, 0.860974
80, 201, -1
80, 202, 0.084528
80, 203, 0.834211
80, 204, -1
80, 205, 0.606661
80, 206, 0.222911
80, 207, 0.0577566
80, 208, -1
80, 209, -1
80, 210, -1
80, 211, -1
80, 212, -1
80, 213, 0.00420892
80, 214, -1
80, 215, -1
80, 216, -0.276955
80, 217, 0.392455
80, 218, -0.0538039
80, 219, -0.147525
80, 220, -1
80, 221, -1
80, 222, 0.816405
80, 223, 0.68697
80, 224, -0.187689
80, 225, 0.669165
80, 226, 0.722712
80, 227, -1
80, 228, 0.414823
80, 229, 0.468373
80, 230, -0.0537951
80, 231, -0.120739
80, 232, 0.17385
80, 233, 0.294302
80, 234, -1
80, 235, 0.709343
80, 236, -1
80, 237, 0.959219
80, 238, -0.102882
80, 239, -1
80, 240, 0.945841
80, 241, -0.223384
80, 242, -1
80, 243, 0.521943
80, 244, 0.642427
80, 245, -1
80, 246, 0.798608
80, 247, -1
80, 248, 0.73168
80, 249, -1
80, 250, 0.0711828
80, 251, 0.187258
80, 252, -1
80, 253, -1
80, 254, -1
80, 255, -1
80, 256, -1
80, 257, -1
80, 258, 0.63795
80, 259, 0.843258
80, 260, 0.651341
80, 261, 0.887884
80, 262, 0.740632
80, 263, -1
80, 264, -1
80, 265, -1
80, 266, -1
80, 267, -1
80, 268, 0.704945
80, 269, 0.236329
80, 270, -1
80, 271, -1
80, 272, 0.73619
80, 273, -0.102859
80, 274, -1
80, 275, 0.240798
80, 276, 0.379148
80, 277, 0.722812
80, 278, 0.13369
80, 279, 0.26758
80, 280, 0.937014
80, 281, 0.82992
80, 282, -1
80, 283, 0.633573
80, 284, -1
80, 285, -1
80, 286, 0.624653
80, 287, -1
80, 288, 0.700521
80, 289, -1
80, 290, 0.731723
80, 291, -1
80, 292, 0.999517
80, 293, -0.120699
80, 294, -0.00465256
80, 295, 0.0846123
80, 296, 0.0265917
80, 297, 0.745165
80, 298, 0.865657
80, 299, -1
80, 300, -1
80, 301, 0.829963
80, 302, 0.472904
80, 303, 0.673733
80, 304, -1
80, 305, 0.829932
80, 306, -1
80, 307, 0.548781
80, 308, -1
80, 309, -1
80, 310, 0.999563
80, 311, -1
80, 312, -1
80, 313, -1
80, 314, 0.330105
80, 315, 0.0578507
80, 316, -0.0537323
80, 317, -1
80, 318, -1
80, 319, -1
80, 320, -1
80, 321, 0.669344
80, 322, 0.285483
80, 323, 0.821086
80, 324, -1
80, 325, -1
80, 326, 0.575591
80, 327, -0.192093
80, 328, -0.0403332
80, 329, -1
80, 330, -0.125138
80, 331, -0.129601
80, 332, 0.401579
80, 333, 0.200734
80, 334, -1
80, 335, 0.285539
80, 336, -1
80, 337, -1
80, 338, -1
80, 339, -0.321532
80, 340, 0.664876
80, 341, 0.84344
80, 342, -1
80, 343, -1
80, 344, 0.013241
80, 345, 0.455116
80, 346, -1
80, 347, 0.44177
80, 348, 0.165003
80, 349, -1
80, 350, 0.303411
80, 351, -1
80, 352, -1
80, 353, 0.419462
80, 354, 0.437276
80, 355, 0.486415
80, 356, 0.923809
80, 357, 0.830086
80, 358, -0.303668
80, 359, -0.25903
80, 360, -1
80, 361, 0.691695
80, 362, 0.999696
80, 363, 0.660456
80, 364, -1
80, 365, 0.6605
80, 366, -1
80, 367, -1
80, 368, 0.571239
80, 369, -1
80, 370, -1
80, 371, 0.187344
80, 372, 0.352536
80, 373, -1
80, 374, -1
80, 375, 0.723005
80, 376, 0.0757585
80, 377, -0.0402966
80, 378, 0.406066
80, 379, -1
80, 380, 0.647097
80, 381, -1
80, 382, 0.798897
80, 383, 0.0891559
80, 384, -1
80, 385, -0.0581457
80, 386, -1
80, 387, 0.629296
80, 388, -1
80, 389, -1
80, 390, 0.410587
80, 391, -1
80, 392, 0.562352
80, 393, 0.477505
80, 394, 0.566778
80, 395, -1
80, 396, -1
80, 397, 0.816783
80, 398, 0.968544
80, 399, -1
81, 0, 0.704425
81, 1, 0.646445
81, 2, -1
81, 3, 0.124499
81, 4, 0.575086
81, 5, -1
81, 6, 0.41893
81, 7, -0.161043
81, 8, -0.219049
81, 9, 0.526029
81, 10, -1
81, 11, 0.637543
81, 12, 0.3253
81, 13, 0.298536
81, 14, -1
81, 15, 0.128972
81, 16, -1
81, 17, -1
81, 18, -0.0584125
81, 19, -1
81, 20, 0.838226
81, 21, 0.878408
81, 22, -1
81, 23, -1
81, 24, -0.223502
81, 25, 0.771336
81, 26, 0.86504
81, 27, -1
81, 28, 0.896264
81, 29, 0.298555
81, 30, -1
81, 31, 0.900731
81, 32, 0.173603
81, 33, -1
81, 34, -1
81, 35, 0.0308357
81, 36, -1
81, 37, -1
81, 38, 0.62867
81, 39, -0.303815
81, 40, 0.713423
81, 41, 0.762489
81, 42, -1
81, 43, -1
81, 44, -1
81, 45, -1
81, 46, 0.811562
81, 47, -1
81, 48, 0.0665406
81, 49, -0.03604
81, 50, 0.401148
81, 51, 0.169201
81, 52, 0.115663
81, 53, -0.0717731
81, 54, 0.356582
81, 55, 0.69115
81, 56, 0.998911
81, 57, 0.566254
81, 58, 0.998916
81, 59, 0.967698
81, 60, 0.236093
81, 61, 0.976623
81, 62, -0.223481
81, 63, 0.490428
81, 64, 0.557344
81, 65, -1
81, 66, -1
81, 67, -1
81, 68, -1
81, 69, 0.0309045
81, 70, -1
81, 71, 0.307529
81, 72, 0.918668
81, 73, 0.427987
81, 74, -1
81, 75, -1
81, 76, 0.343186
81, 77, 0.758102
81, 78, -1
81, 79, 0.87408
81, 80, -1
81, 81, 0.30304
81, 82, -1
81, 83, -1
81, 84, 0.276274
81, 85, -1
81, 86, 0.735776
81, 87, -1
81, 88, 0.700134
81, 89, -1
81, 90, 0.561848
81, 91, -1
81, 92, 0.129087
81, 93, 0.334326
81, 94, 0.320942
81, 95, 0.762599
81, 96, -1
81, 97, 0.584165
81, 98, 0.544016
81, 99, 0.789373
81, 100, -1
81, 101, 0.624322
81, 102, 0.490447
81, 103, 0.535102
81, 104, -1
81, 105, 0.847335
81, 106, 0.472608
81, 107, -1
81, 108, -1
81, 109, -0.294818
81, 110, -1
81, 111, 0.115719
81, 112, -1
81, 113, -1
81, 114, 0.481583
81, 115, 0.651114
81, 116, 0.851861
81, 117, 0.95
81, 118, 0.811717
81, 119, 0.267392
81, 120, -1
81, 121, 0.530629
81, 122, 0.182619
81, 123, 0.842955
81, 124, -1
81, 125, -1
81, 126, 0.0487607
81, 127, -1
81, 128, -1
81, 129, -0.169854
81, 130, -1
81, 131, -0.156465
81, 132, -1
81, 133, -1
81, 134, -0.111878
81, 135, -1
81, 136, -1
81, 137, -1
81, 138, -1
81, 139, -1
81, 140, 0.900986
81, 141, -1
81, 142, 0.887607
81, 143, 0.798387
81, 144, 0.785006
81, 145, -1
81, 146, -1
81, 147, -1
81, 148, 0.0711315
81, 149, -0.156494
81, 150, -1
81, 151, -0.160915
81, 152, -1
81, 153, -0.107362
81, 154, -1
81, 155, 0.0309361
81, 156, 0.682419
81, 157, 0.642227
81, 158, -1
81, 159, 0.548578
81, 160, -1
81, 161, -1
81, 162, -1
81, 163, 0.262981
81, 164, 0.713665
81, 165, 0.0532567
81, 166, -0.218962
81, 167, 0.0844953
81, 168, 0.276374
81, 169, 0.584288
81, 170, -0.18768
81, 171, -1
81, 172, -1
81, 173, -1
81, 174, 0.338891
81, 175, -0.178792
81, 176, -1
81, 177, 0.642304
81, 178, 0.82519
81, 179, 0.695848
81, 180, 0.383479
81, 181, 0.566421
81, 182, -1
81, 183, -1
81, 184, -1
81, 185, 0.428147
81, 186, 0.111287
81, 187, 0.258587
81, 188, -1
81, 189, -0.0582482
81, 190, -1
81, 191, -0.245686
81, 192, -1
81, 193, -1
81, 194, -1
81, 195, -1
81, 196, 0.155962
81, 197, 0.468283
81, 198, 0.669073
81, 199, -1
81, 200, -1
81, 201, -1
81, 202, -1
81, 203, 0.624503
81, 204, -0.160923
81, 205, 0.477259
81, 206, -0.245719
81, 207, -1
81, 208, 0.468299
81, 209, 0.187213
81, 210, -1
81, 211, -1
81, 212, -1
81, 213, -1
81, 214, 0.365716
81, 215, -1
81, 216, 0.678071
81, 217, -1
81, 218, 0.811892
81, 219, -1
81, 220, 0.883326
81, 221, 0.762858
81, 222, -1
81, 223, -1
81, 224, 0.446052
81, 225, -1
81, 226, -1
81, 227, 0.383583
81, 228, -0.0716087
81, 229, 0.0712035
81, 230, -1
81, 231, 0.00426288
81, 232, -1
81, 233, 0.811964
81, 234, -1
81, 235, 0.508541
81, 236, 0.0488553
81, 237, 0.673648
81, 238, 0.704885
81, 239, -1
81, 240, -0.0716405
81, 241, 0.834292
81, 242, 0.669195
81, 243, -1
81, 244, 0.687008
81, 245, -1
81, 246, 0.111344
81, 247, -0.2769
81, 248, -1
81, 249, 0.338987
81, 250, -1
81, 251, 0.0980005
81, 252, -0.214452
81, 253, -1
81, 254, -1
81, 255, -1
81, 256, -1
81, 257, -1
81, 258, 0.517502
81, 259, 0.682574
81, 260, 0.968198
81, 261, 0.249707
81, 262, -1
81, 263, 0.370244
81, 264, -1
81, 265, -1
81, 266, -1
81, 267, -1
81, 268, -1
81, 269, -1
81, 270, -1
81, 271, -1
81, 272, 0.789737
81, 273, 0.347943
81, 274, -0.00466917
81, 275, -1
81, 276, 0.245261
81, 277, 0.954853
81, 278, 0.758512
81, 279, 0.829873
81, 280, 0.0622824
81, 281, -1
81, 282, 0.379155
81, 283, 0.441675
81, 284, 0.709437
81, 285, -1
81, 286, -1
81, 287, -0.26349
81, 288, -1
81, 289, -1
81, 290, -1
81, 291, 0.133702
81, 292, -1
81, 293, -1
81, 294, 0.31673
81, 295, -1
81, 296, 0.0355173
81, 297, -1
81, 298, -1
81, 299, 0.254213
81, 300, -1
81, 301, -1
81, 302, 0.00874279
81, 303, 0.517574
81, 304, 0.914757
81, 305, 0.96831
81, 306, 0.937074
81, 307, -1
81, 308, -1
81, 309, -1
81, 310, -0.120648
81, 311, -0.000176582
81, 312, -1
81, 313, -1
81, 314, -1
81, 315, 0.504204
81, 316, 0.227454
81, 317, 0.82103
81, 318, 0.812147
81, 319, 0.937106
81, 320, -1
81, 321, -1
81, 322, -1
81, 323, 0.392599
81, 324, -1
81, 325, 0.544387
81, 326, 0.749644
81, 327, 0.58898
81, 328, -1
81, 329, 0.249825
81, 330, -0.156343
81, 331, -1
81, 332, -1
81, 333, -1
81, 334, 0.432823
81, 335, 0.593497
81, 336, 0.754168
81, 337, 0.106967
81, 338, -1
81, 339, 0.963931
81, 340, 0.36138
81, 341, 0.888067
81, 342, -1
81, 343, 0.437299
81, 344, -1
81, 345, 0.544419
81, 346, -1
81, 347, -1
81, 348, 0.700635
81, 349, -1
81, 350, 0.406066
81, 351, -1
81, 352, -1
81, 353, 0.240926
81, 354, 0.780983
81, 355, -1
81, 356, -1
81, 357, -1
81, 358, -0.178685
81, 359, 0.017716
81, 360, 0.803271
81, 361, -1
81, 362, 0.62925
81, 363, 0.129349
81, 364, 0.2945
81, 365, 0.0489662
81, 366, -1
81, 367, -1
81, 368, -1
81, 369, -1
81, 370, 0.232018
81, 371, 0.392705
81, 372, 0.455195
81, 373, 0.504294
81, 374, -1
81, 375, 0.79888
81, 376, -1
81, 377, 0.64713
81, 378, 0.843519
81, 379, -1
81, 380, 0.914937
81, 381, 0.307871
81, 382, -1
81, 383, 0.571262
81, 384, -1
81, 385, 0.232035
81, 386, 0.490924
81, 387, -0.00457978
81, 388, 0.200792
81, 389, 0.410584
81, 390, 0.419513
81, 391, 0.290029
81, 392, 0.56231
81, 393, -1
81, 394, 0.852482
81, 395, -0.15188
81, 396, 0.379308
81, 397, -1
81, 398, -0.134022
81, 399, 0.941763
82, 0, -1
82, 1, -1
82, 2, 0.525976
82, 3, 0.842687
82, 4, -1
82, 5, 0.753493
82, 6, -1
82, 7, -1
82, 8, -0.00488034
82, 9, -1
82, 10, 0.468042
82, 11, -1
82, 12, 0.468004
82, 13, -1
82, 14, 0.646427
82, 15, 0.454667
82, 16, 0.976508
82, 17, 0.829338
82, 18, -1
82, 19, 0.998814
82, 20, -1
82, 21, 0.6509
82, 22, 0.998822
82, 23, 0.213744
82, 24, 0.521591
82, 25, 0.802555
82, 26, 0.552819
82, 27, 0.459146
82, 28, 0.405617
82, 29, 0.00410003
82, 30, 0.860546
82, 31, -1
82, 32, -1
82, 33, -1
82, 34, -1
82, 35, 0.981016
82, 36, 0.998857
82, 37, -1
82, 38, 0.780281
82, 39, 0.606368
82, 40, -1
82, 41, 0.410056
82, 42, -1
82, 43, 0.762491
82, 44, -0.0583944
82, 45, -1
82, 46, 0.0620762
82, 47, -1
82, 48, 0.133505
82, 49, -1
82, 50, 0.445797
82, 51, 0.0665827
82, 52, 0.392267
82, 53, -1
82, 54, -1
82, 55, -1
82, 56, 0.869565
82, 57, 0.91417
82, 58, -1
82, 59, -0.263645
82, 60, 0.610825
82, 61, 0.187016
82, 62, 0.485923
82, 63, -1
82, 64, -0.0985385
82, 65, 0.811601
82, 66, -1
82, 67, 0.659946
82, 68, -1
82, 69, -1
82, 70, 0.90528
82, 71, -1
82, 72, 0.601964
82, 73, -1
82, 74, -1
82, 75, -1
82, 76, 0.932056
82, 77, -0.281486
82, 78, -1
82, 79, -1
82, 80, 0.191498
82, 81, 0.900805
82, 82, -1
82, 83, -1
82, 84, 0.99898
82, 85, -1
82, 86, -1
82, 87, -1
82, 88, -1
82, 89, -1
82, 90, -1
82, 91, -1
82, 92, 0.450319
82, 93, 0.682298
82, 94, 0.807203
82, 95, 0.570777
82, 96, -1
82, 97, 0.499361
82, 98, 0.891964
82, 99, -1
82, 100, -1
82, 101, 0.695656
82, 102, -1
82, 103, 0.780457
82, 104, -1
82, 105, -1
82, 106, 0.874099
82, 107, 0.80719
82, 108, -1
82, 109, -0.245769
82, 110, 0.472653
82, 111, 0.311999
82, 112, -1
82, 113, 0.102334
82, 114, -1
82, 115, 0.481543
82, 116, -1
82, 117, 0.0576764
82, 118, 0.842941
82, 119, 0.726958
82, 120, 0.160307
82, 121, -1
82, 122, 0.401246
82, 123, 0.967855
82, 124, 0.780501
82, 125, -1
82, 126, 0.64221
82, 127, 0.851883
82, 128, 0.990171
82, 129, -1
82, 130, 0.642217
82, 131, 0.419105
82, 132, 0.744829
82, 133, 0.718064
82, 134, 0.691298
82, 135, 0.958963
82, 136, 0.463728
82, 137, -1
82, 138, -1
82, 139, -1
82, 140, 0.999123
82, 141, 0.950056
82, 142, 0.936676
82, 143, 0.936678
82, 144, 0.673432
82, 145, -1
82, 146, 0.954529
82, 147, -1
82, 148, -1
82, 149, -0.201121
82, 150, -1
82, 151, -1
82, 152, -1
82, 153, -1
82, 154, -1
82, 155, 0.981317
82, 156, -1
82, 157, 0.81626
82, 158, -1
82, 159, 0.999172
82, 160, -1
82, 161, 0.967949
82, 162, -1
82, 163, 0.762696
82, 164, -1
82, 165, -1
82, 166, -1
82, 167, 0.570898
82, 168, -1
82, 169, 0.18713
82, 170, 0.593211
82, 171, -1
82, 172, -1
82, 173, 0.21837
82, 174, -1
82, 175, 0.401319
82, 176, 0.182675
82, 177, -1
82, 178, 0.923379
82, 179, -1
82, 180, 0.187141
82, 181, 0.633386
82, 182, 0.0443455
82, 183, 0.481646
82, 184, 0.923393
82, 185, -0.129696
82, 186, -1
82, 187, 0.28536
82, 188, 0.200577
82, 189, -1
82, 190, 0.762752
82, 191, 0.504009
82, 192, 0.0533195
82, 193, 0.289829
82, 194, 0.41027
82, 195, -1
82, 196, 0.905576
82, 197, 0.999269
82, 198, -1
82, 199, -1
82, 200, -1
82, 201, -1
82, 202, 0.762817
82, 203, -1
82, 204, 0.392435
82, 205, -1
82, 206, -1
82, 207, 0.713707
82, 208, -1
82, 209, -1
82, 210, 0.258613
82, 211, -1
82, 212, 0.0176351
82, 213, -1
82, 214, -1
82, 215, -1
82, 216, 0.606636
82, 217, -1
82, 218, -1
82, 219, 0.490625
82, 220, -1
82, 221, 0.99933
82, 222, -1
82, 223, -1
82, 224, 0.548642
82, 225, 0.459439
82, 226, -1
82, 227, -1
82, 228, -1
82, 229, -1
82, 230, -1
82, 231, 0.441598
82, 232, -1
82, 233, 0.432677
82, 234, 0.450528
82, 235, 0.570972
82, 236, 0.745038
82, 237, -0.205535
82, 238, -1
82, 239, -1
82, 240, -1
82, 241, -1
82, 242, 0.213983
82, 243, 0.423726
82, 244, -1
82, 245, -1
82, 246, 0.843225
82, 247, 0.196178
82, 248, 0.249691
82, 249, 0.749527
82, 250, -1
82, 251, 0.330023
82, 252, 0.579965
82, 253, -1
82, 254, 0.758421
82, 255, -1
82, 256, 0.566585
82, 257, 0.914603
82, 258, -1
82, 259, 0.566549
82, 260, 0.057801
82, 261, -1
82, 262, 0.12921
82, 263, 0.910195
82, 264, 0.812029
82, 265, -1
82, 266, -1
82, 267, -0.192128
82, 268, -1
82, 269, -1
82, 270, 0.325584
82, 271, -1
82, 272, -1
82, 273, 0.571035
82, 274, 0.539839
82, 275, -1
82, 276, -1
82, 277, -1
82, 278, 0.405924
82, 279, -1
82, 280, -1
82, 281, 0.731741
82, 282, -1
82, 283, 0.240805
82, 284, 0.878968
82, 285, 0.138158
82, 286, 0.687085
82, 287, -0.0760712
82, 288, 0.937029
82, 289, -1
82, 290, -1
82, 291, -1
82, 292, -1
82, 293, -1
82, 294, 0.892419
82, 295, 0.374748
82, 296, -0.120698
82, 297, 0.316732
82, 298, -1
82, 299, 0.392565
82, 300, -1
82, 301, 0.874585
82, 302, 0.754056
82, 303, 0.691621
82, 304, -1
82, 305, -1
82, 306, 0.959385
82, 307, -1
82, 308, -0.183178
82, 309, 0.129255
82, 310, -1
82, 311, -1
82, 312, -1
82, 313, -1
82, 314, 0.678253
82, 315, -0.0581979
82, 316, 0.472963
82, 317, -1
82, 318, 0.999578
82, 319, -1
82, 320, -0.0180237
82, 321, 0.370279
82, 322, -1
82, 323, 0.731825
82, 324, 0.638106
82, 325, -1
82, 326, 0.26317
82, 327, -1
82, 328, -1
82, 329, 0.526499
82, 330, 0.64258
82, 331, 0.651507
82, 332, -1
82, 333, -1
82, 334, 0.914826
82, 335, -1
82, 336, -1
82, 337, 0.38369
82, 338, 0.65152
82, 339, 0.272112
82, 340, 0.968394
82, 341, -1
82, 342, 0.999639
82, 343, 0.446184
82, 344, -1
82, 345, -1
82, 346, -1
82, 347, 0.307828
82, 348, -1
82, 349, -0.250109
82, 350, 0.718489
82, 351, 0.727417
82, 352, -1
82, 353, -1
82, 354, -1
82, 355, 0.446242
82, 356, 0.0712753
82, 357, 0.53547
82, 358, -1
82, 359, -1
82, 360, -1
82, 361, -0.245639
82, 362, 0.910429
82, 363, -1
82, 364, -1
82, 365, -1
82, 366, 0.0132573
82, 367, 0.468536
82, 368, 0.508708
82, 369, -1
82, 370, 0.330214
82, 371, -1
82, 372, 0.0132622
82, 373, -1
82, 374, 0.999721
82, 375, -0.227777
82, 376, 0.473013
82, 377, 0.897034
82, 378, -1
82, 379, 0.950638
82, 380, -1
82, 381, 0.968496
82, 382, -1
82, 383, -1
82, 384, -1
82, 385, 0.526589
82, 386, 0.473068
82, 387, -1
82, 388, -1
82, 389, 0.874785
82, 390, -1
82, 391, -1
82, 392, 0.789987
82, 393, 0.450761
82, 394, 0.147193
82, 395, -1
82, 396, 0.263251
82, 397, 0.727468
82, 398, 0.638199
82, 399, 0.919443
83, 0, 0.918492
83, 1, 0.539354
83, 2, -1
83, 3, 0.490333
83, 4, -1
83, 5, 0.954181
83, 6, -1
83, 7, 0.262838
83, 8, -1
83, 9, -1
83, 10, -1
83, 11, -1
83, 12, 0.646462
83, 13, 0.940781
83, 14, 0.936364
83, 15, 0.726751
83, 16, 0.12455
83, 17, 0.664312
83, 18, 0.485895
83, 19, 0.905158
83, 20, -1
83, 21, 0.878403
83, 22, 0.798126
83, 23, -1
83, 24, -1
83, 25, -1
83, 26, -1
83, 27, 0.276245
83, 28, -1
83, 29, -1
83, 30, 0.963161
83, 31, -1
83, 32, 0.972086
83, 33, 0.972088
83, 34, -1
83, 35, 0.686647
83, 36, -1
83, 37, -1
83, 38, -1
83, 39, -1
83, 40, -0.21457
83, 41, 0.280682
83, 42, -1
83, 43, -1
83, 44, 0.682204
83, 45, -1
83, 46, -1
83, 47, -1
83, 48, 0.972126
83, 49, 0.940909
83, 50, -1
83, 51, -1
83, 52, -1
83, 53, 0.967678
83, 54, 0.967681
83, 55, 0.588511
83, 56, 0.824961
83, 57, 0.851684
83, 58, 0.374429
83, 59, 0.584097
83, 60, 0.83389
83, 61, -1
83, 62, -1
83, 63, -1
83, 64, -1
83, 65, 0.240598
83, 66, 0.93649
83, 67, -1
83, 68, -1
83, 69, -1
83, 70, 0.998942
83, 71, -1
83, 72, 0.856218
83, 73, 0.998949
83, 74, -1
83, 75, -1
83, 76, -1
83, 77, 0.682266
83, 78, -1
83, 79, -1
83, 80, -1
83, 81, -1
83, 82, 0.459226
83, 83, -1
83, 84, 0.334311
83, 85, -1
83, 86, -1
83, 87, -1
83, 88, 0.998988
83, 89, -1
83, 90, -1
83, 91, 0.94101
83, 92, -1
83, 93, 0.909792
83, 94, 0.972241
83, 95, 0.93656
83, 96, 0.936562
83, 97, -1
83, 98, 0.0621613
83, 99, -1
83, 100, -1
83, 101, 0.521712
83, 102, -1
83, 103, -1
83, 104, -1
83, 105, -1
83, 106, 0.905362
83, 107, -1
83, 108, -1
83, 109, 0.994581
83, 110, 0.834
83, 111, -1
83, 112, 0.700177
83, 113, 0.999052
83, 114, 0.999054
83, 115, -1
83, 116, 0.905385
83, 117, -1
83, 118, -1
83, 119, -1
83, 120, -1
83, 121, 0.0934163
83, 122, 0.441399
83, 123, -1
83, 124, 0.624359
83, 125, -1
83, 126, 0.472675
83, 127, 0.691283
83, 128, 0.923257
83, 129, -1
83, 130, -1
83, 131, 0.347757
83, 132, 0.744827
83, 133, -1
83, 134, -1
83, 135, 0.967882
83, 136, -1
83, 137, -1
83, 138, 0.958968
83, 139, -1
83, 140, 0.834025
83, 141, -1
83, 142, 0.936673
83, 143, 0.972363
83, 144, 0.142522
83, 145, 0.249612
83, 146, 0.57082
83, 147, -1
83, 148, 0.874233
83, 149, -1
83, 150, -1
83, 151, 0.209461
83, 152, -1
83, 153, -1
83, 154, -1
83, 155, 0.999159
83, 156, -1
83, 157, 0.999164
83, 158, 0.901023
83, 159, 0.829646
83, 160, 0.20943
83, 161, -1
83, 162, -1
83, 163, -1
83, 164, -1
83, 165, 0.405806
83, 166, 0.8252
83, 167, 0.771666
83, 168, -1
83, 169, -1
83, 170, 0.749365
83, 171, -1
83, 172, -1
83, 173, -1
83, 174, -1
83, 175, 0.99921
83, 176, 0.950139
83, 177, -1
83, 178, 0.93676
83, 179, 0.918917
83, 180, 0.512874
83, 181, -1
83, 182, 0.602113
83, 183, -1
83, 184, 0.0354616
83, 185, 0.9457
83, 186, -1
83, 187, 0.999241
83, 188, -1
83, 189, -1
83, 190, -1
83, 191, -1
83, 192, -1
83, 193, -1
83, 194, -1
83, 195, -1
83, 196, 0.847573
83, 197, 0.856499
83, 198, 0.959116
83, 199, 0.999271
83, 200, 0.753847
83, 201, 0.686962
83, 202, 0.936818
83, 203, 0.106879
83, 204, 0.785087
83, 205, 0.936825
83, 206, -1
83, 207, 0.999292
83, 208, -1
83, 209, -1
83, 210, -1
83, 211, -1
83, 212, -1
83, 213, -1
83, 214, -1
83, 215, 0.972543
83, 216, 0.780691
83, 217, 0.861005
83, 218, 0.99932
83, 219, 0.999322
83, 220, 0.387993
83, 221, 0.740544
83, 222, -1
83, 223, 0.463897
83, 224, 0.838712
83, 225, 0.865485
83, 226, 0.99934
83, 227, -1
83, 228, -1
83, 229, -1
83, 230, -1
83, 231, -1
83, 232, -1
83, 233, -1
83, 234, 0.999361
83, 235, 0.655792
83, 236, 0.825353
83, 237, -1
83, 238, -1
83, 239, 0.999374
83, 240, 0.218482
83, 241, 0.111337
83, 242, 0.736124
83, 243, 0.999384
83, 244, 0.93692
83, 245, 0.852144
83, 246, -1
83, 247, -1
83, 248, -1
83, 249, -1
83, 250, -1
83, 251, 0.316674
83, 252, -1
83, 253, -1
83, 254, -1
83, 255, -1
83, 256, 0.89679
83, 257, -1
83, 258, 0.999422
83, 259, -1
83, 260, 0.941421
83, 261, -1
83, 262, 0.892342
83, 263, -1
83, 264, 0.954817
83, 265, 0.99944
83, 266, 0.999443
83, 267, -1
83, 268, -1
83, 269, -1
83, 270, -1
83, 271, -1
83, 272, -1
83, 273, -1
83, 274, 0.986077
83, 275, 0.999466
83, 276, 0.593392
83, 277, 0.754044
83, 278, -1
83, 279, -1
83, 280, -1
83, 281, -1
83, 282, 0.852227
83, 283, -1
83, 284, -1
83, 285, -1
83, 286, -1
83, 287, 0.986109
83, 288, -1
83, 289, -1
83, 290, -1
83, 291, -1
83, 292, -1
83, 293, 0.995049
83, 294, -1
83, 295, 0.620201
83, 296, 0.709456
83, 297, 0.812098
83, 298, 0.441654
83, 299, 0.821027
83, 300, -1
83, 301, -1
83, 302, 0.700502
83, 303, 0.847811
83, 304, -1
83, 305, 0.999542
83, 306, 0.856743
83, 307, 0.945997
83, 308, 0.477372
83, 309, 0.785348
83, 310, 0.861215
83, 311, -1
83, 312, -1
83, 313, 0.89246
83, 314, 0.669285
83, 315, -1
83, 316, 0.606849
83, 317, -1
83, 318, 0.704996
83, 319, -1
83, 320, -1
83, 321, 0.968345
83, 322, -1
83, 323, 0.776451
83, 324, 0.673807
83, 325, -1
83, 326, 0.981745
83, 327, 0.870179
83, 328, -1
83, 329, -1
83, 330, -1
83, 331, -1
83, 332, -1
83, 333, 0.379221
83, 334, 0.932674
83, 335, -1
83, 336, -1
83, 337, -1
83, 338, 0.722927
83, 339, -1
83, 340, 0.789875
83, 341, -1
83, 342, -1
83, 343, 0.7274
83, 344, 0.785421
83, 345, -1
83, 346, 0.932703
83, 347, 0.990724
83, 348, 0.901467
83, 349, 0.874692
83, 350, 0.999657
83, 351, 0.99966
83, 352, 0.307873
83, 353, -1
83, 354, 0.361436
83, 355, -1
83, 356, -1
83, 357, -0.0894134
83, 358, 0.776524
83, 359, -1
83, 360, -1
83, 361, 0.651561
83, 362, 0.548907
83, 363, 0.88365
83, 364, -1
83, 365, 0.763149
83, 366, 0.691699
83, 367, -1
83, 368, 0.888125
83, 369, -1
83, 370, -1
83, 371, 0.526605
83, 372, -1
83, 373, -1
83, 374, -1
83, 375, 0.0311588
83, 376, -1
83, 377, 0.923852
83, 378, -1
83, 379, 0.598033
83, 380, -1
83, 381, 0.374862
83, 382, 0.941717
83, 383, 0.830136
83, 384, 0.923868
83, 385, -1
83, 386, 0.937263
83, 387, 0.999752
83, 388, -1
83, 389, -1
83, 390, 0.758737
83, 391, 0.736421
83, 392, -0.089349
83, 393, -1
83, 394, -1
83, 395, 0.754283
83, 396, -1
83, 397, 0.999778
83, 398, 0.865877
83, 399, 0.968539
84, 0, 0.070957
84, 1, 0.120033
84, 2, -1
84, 3, 0.0932666
84, 4, 0.717767
84, 5, 0.218183
84, 6, -1
84, 7, 0.343094
84, 8, -1
84, 9, -1
84, 10, 0.811479
84, 11, -1
84, 12, 0.847162
84, 13, 0.146812
84, 14, 0.302954
84, 15, -1
84, 16, 0.396636
84, 17, -1
84, 18, 0.624129
84, 19, -1
84, 20, 0.641974
84, 21, -0.196733
84, 22, 0.481399
84, 23, 0.195897
84, 24, 0.802548
84, 25, 0.633102
84, 26, -1
84, 27, 0.597422
84, 28, -1
84, 29, 0.597426
84, 30, -1
84, 31, 0.423462
84, 32, -1
84, 33, 0.213753
84, 34, -1
84, 35, 0.298519
84, 36, 0.695568
84, 37, 0.882898
84, 38, -1
84, 39, 0.758018
84, 40, 0.905205
84, 41, 0.784784
84, 42, 0.534999
84, 43, 0.633094
84, 44, -1
84, 45, 0.137921
84, 46, 0.477014
84, 47, 0.151308
84, 48, 0.195964
84, 49, -1
84, 50, -1
84, 51, -1
84, 52, -1
84, 53, -1
84, 54, -1
84, 55, 0.494872
84, 56, -1
84, 57, -1
84, 58, -1
84, 59, -1
84, 60, 0.847269
84, 61, 0.967696
84, 62, -1
84, 63, -1
84, 64, -1
84, 65, 0.793755
84, 66, -1
84, 67, 0.557344
84, 68, 0.146867
84, 69, -1
84, 70, 0.00855294
84, 71, -1
84, 72, -0.16993
84, 73, -1
84, 74, 0.271838
84, 75, -0.299338
84, 76, 0.387796
84, 77, -0.0271374
84, 78, 0.994499
84, 79, -1
84, 80, 0.276266
84, 81, 0.972206
84, 82, -0.0672925
84, 83, 0.624244
84, 84, -1
84, 85, 0.811599
84, 86, 0.24058
84, 87, -0.263632
84, 88, 0.151349
84, 89, 0.289702
84, 90, 0.338739
84, 91, -1
84, 92, -1
84, 93, -1
84, 94, -1
84, 95, -1
84, 96, -1
84, 97, -1
84, 98, -1
84, 99, -1
84, 100, -1
84, 101, -0.281475
84, 102, 0.780451
84, 103, 0.481522
84, 104, 0.155826
84, 105, -0.0583516
84, 106, -1
84, 107, -1
84, 108, 0.396762
84, 109, 0.646636
84, 110, -1
84, 111, 0.46819
84, 112, 0.490458
84, 113, -1
84, 114, -0.085119
84, 115, -1
84, 116, 0.544001
84, 117, 0.735832
84, 118, 0.646612
84, 119, 0.90539
84, 120, 0.392317
84, 121, -1
84, 122, -1
84, 123, 0.316473
84, 124, -1
84, 125, 0.18266
84, 126, 0.200509
84, 127, 0.468214
84, 128, -1
84, 129, 0.356676
84, 130, -1
84, 131, -1
84, 132, -1
84, 133, 0.597605
84, 134, 0.423608
84, 135, 0.454801
84, 136, -1
84, 137, 0.597572
84, 138, 0.245101
84, 139, 0.512807
84, 140, -1
84, 141, 0.173712
84, 142, 0.428041
84, 143, 0.115706
84, 144, 0.120169
84, 145, 0.133597
84, 146, 0.669011
84, 147, -1
84, 148, -1
84, 149, -1
84, 150, 0.579789
84, 151, -0.0672433
84, 152, -1
84, 153, 0.321012
84, 154, 0.557488
84, 155, -1
84, 156, 0.64226
84, 157, 0.628837
84, 158, -1
84, 159, 0.249587
84, 160, 0.227278
84, 161, -1
84, 162, -1
84, 163, -1
84, 164, 0.178238
84, 165, 0.401343
84, 166, 0.28083
84, 167, 0.914425
84, 168, -1
84, 169, -1
84, 170, -1
84, 171, -1
84, 172, -1
84, 173, 0.481668
84, 174, 0.365619
84, 175, 0.731527
84, 176, -1
84, 177, -1
84, 178, 0.481636
84, 179, 0.642262
84, 180, 0.856418
84, 181, -1
84, 182, -1
84, 183, 0.918925
84, 184, 0.423679
84, 185, 0.133636
84, 186, 0.414758
84, 187, -1
84, 188, -1
84, 189, 0.512926
84, 190, 0.30321
84, 191, -1
84, 192, 0.231816
84, 193, -0.0136206
84, 194, 0.50401
84, 195, 0.950143
84, 196, -0.0850621
84, 197, -1
84, 198, -1
84, 199, 0.495054
84, 200, -1
84, 201, 0.968044
84, 202, -0.223407
84, 203, 0.0800626
84, 204, -1
84, 205, -1
84, 206, -1
84, 207, -1
84, 208, -1
84, 209, -1
84, 210, 0.446027
84, 211, 0.0711849
84, 212, -1
84, 213, 0.361208
84, 214, -1
84, 215, -1
84, 216, -1
84, 217, 0.736072
84, 218, -1
84, 219, 0.0265244
84, 220, 0.999322
84, 221, 0.95917
84, 222, 0.446004
84, 223, -1
84, 224, -1
84, 225, -1
84, 226, 0.450513
84, 227, 0.704858
84, 228, -0.201078
84, 229, 0.222932
84, 230, -1
84, 231, 0.0979389
84, 232, 0.196119
84, 233, -1
84, 234, -1
84, 235, -0.116276
84, 236, 0.41925
84, 237, 0.191662
84, 238, 0.945827
84, 239, 0.838743
84, 240, 0.164889
84, 241, -1
84, 242, -1
84, 243, 0.352323
84, 244, 0.736126
84, 245, 0.093489
84, 246, 0.0845642
84, 247, 0.338981
84, 248, -1
84, 249, 0.173823
84, 250, -1
84, 251, 0.517487
84, 252, -1
84, 253, 0.48179
84, 254, 0.834314
84, 255, 0.486215
84, 256, -1
84, 257, 0.196146
84, 258, -1
84, 259, -1
84, 260, 0.236314
84, 261, -1
84, 262, 0.678152
84, 263, 0.557668
84, 264, 0.53982
84, 265, -1
84, 266, -1
84, 267, -1
84, 268, 0.147066
84, 269, 0.557678
84, 270, 0.347895
84, 271, 0.111365
84, 272, 0.463968
84, 273, 0.36579
84, 274, -1
84, 275, -1
84, 276, -1
84, 277, -0.116248
84, 278, -1
84, 279, -1
84, 280, -1
84, 281, -1
84, 282, 0.562162
84, 283, -1
84, 284, 0.548778
84, 285, 0.544317
84, 286, 0.352379
84, 287, 0.374694
84, 288, -1
84, 289, 0.584447
84, 290, 0.932566
84, 291, 0.196182
84, 292, 0.35689
84, 293, 0.0578683
84, 294, -1
84, 295, 0.522019
84, 296, -0.0492866
84, 297, -1
84, 298, 0.763009
84, 299, 0.923623
84, 300, 0.856728
84, 301, -0.15194
84, 302, -1
84, 303, 0.0265942
84, 304, -1
84, 305, -1
84, 306, 0.513111
84, 307, -1
84, 308, 0.133716
84, 309, -1
84, 310, -1
84, 311, -1
84, 312, -1
84, 313, 0.289971
84, 314, -1
84, 315, -1
84, 316, 0.553253
84, 317, -1
84, 318, 0.758547
84, 319, 0.941561
84, 320, -1
84, 321, -1
84, 322, -1
84, 323, 0.687192
84, 324, 0.566655
84, 325, -1
84, 326, -1
84, 327, -1
84, 328, -1
84, 329, -1
84, 330, -1
84, 331, 0.160558
84, 332, -1
84, 333, 0.0355862
84, 334, -1
84, 335, -0.147455
84, 336, 0.76755
84, 337, 0.856811
84, 338, 0.669328
84, 339, -1
84, 340, 0.968389
84, 341, 0.914837
84, 342, -1
84, 343, 0.517632
84, 344, 0.522057
84, 345, -1
84, 346, 0.38374
84, 347, -1
84, 348, -0.0269306
84, 349, -1
84, 350, -1
84, 351, -1
84, 352, -0.205472
84, 353, -1
84, 354, -1
84, 355, -1
84, 356, -1
84, 357, 0.53993
84, 358, -1
84, 359, -0.254569
84, 360, 0.182865
84, 361, -1
84, 362, 0.780993
84, 363, 0.709584
84, 364, 0.763145
84, 365, 0.334628
84, 366, -0.0804806
84, 367, 0.629253
84, 368, -1
84, 369, 0.481966
84, 370, 0.499821
84, 371, 0.50875
84, 372, -1
84, 373, 0.499786
84, 374, 0.834577
84, 375, 0.798874
84, 376, 0.905994
84, 377, 0.740855
84, 378, 0.669443
84, 379, -1
84, 380, -1
84, 381, -1
84, 382, 0.428384
84, 383, -1
84, 384, 0.0445163
84, 385, -1
84, 386, -1
84, 387, 0.531052
84, 388, 0.624787
84, 389, -1
84, 390, 0.566805
84, 391, 0.562344
84, 392, -1
84, 393, -1
84, 394, -0.058142
84, 395, -1
84, 396, 0.669437
84, 397, 0.70961
84, 398, 0.173977
84, 399, -1
85, 0, -0.0941222
85, 1, 0.579534
85, 2, 0.65532
85, 3, 0.717763
85, 4, 0.276175
85, 5, 0.253871
85, 6, 0.213722
85, 7, -1
85, 8, -1
85, 9, -1
85, 10, 0.869454
85, 11, -1
85, 12, -1
85, 13, -1
85, 14, -1
85, 15, 0.191426
85, 16, 0.343104
85, 17, 0.499232
85, 18, 0.958667
85, 19, 0.699994
85, 20, -1
85, 21, -0.241354
85, 22, -1
85, 23, -0.018256
85, 24, 0.106669
85, 25, 0.588496
85, 26, 0.0754407
85, 27, -1
85, 28, -1
85, 29, 0.499291
85, 30, 0.659872
85, 31, 0.494833
85, 32, 0.905184
85, 33, -1
85, 34, -1
85, 35, 0.673262
85, 36, 0.76247
85, 37, 0.762472
85, 38, -1
85, 39, 0.93642
85, 40, 0.628627
85, 41, 0.798162
85, 42, -1
85, 43, 0.655395
85, 44, -1
85, 45, -1
85, 46, 0.664362
85, 47, -1
85, 48, 0.178077
85, 49, 0.303036
85, 50, 0.187002
85, 51, 0.213812
85, 52, -1
85, 53, -1
85, 54, -1
85, 55, -1
85, 56, 0.775893
85, 57, 0.517178
85, 58, -1
85, 59, -1
85, 60, -0.294883
85, 61, -1
85, 62, 0.874032
85, 63, -1
85, 64, -1
85, 65, -1
85, 66, 0.530575
85, 67, -1
85, 68, -1
85, 69, 0.20937
85, 70, -1
85, 71, -1
85, 72, -1
85, 73, 0.762546
85, 74, 0.4949
85, 75, -1
85, 76, -1
85, 77, -1
85, 78, -1
85, 79, 0.133492
85, 80, 0.918677
85, 81, 0.998965
85, 82, -1
85, 83, -0.0137475
85, 84, 0.998972
85, 85, 0.860703
85, 86, 0.316425
85, 87, -1
85, 88, -1
85, 89, 0.494882
85, 90, -1
85, 91, 0.820531
85, 92, -1
85, 93, 0.593074
85, 94, -1
85, 95, -0.0271245
85, 96, 0.918715
85, 97, -1
85, 98, 0.253978
85, 99, 0.673342
85, 100, 0.316443
85, 101, -1
85, 102, -1
85, 103, 0.780451
85, 104, -1
85, 105, 0.584132
85, 106, -1
85, 107, 0.289722
85, 108, 0.414647
85, 109, -0.138671
85, 110, -1
85, 111, -1
85, 112, -1
85, 113, -1
85, 114, 0.258498
85, 115, 0.472656
85, 116, -1
85, 117, -1
85, 118, -1
85, 119, -1
85, 120, 0.544046
85, 121, -1
85, 122, 0.298623
85, 123, -1
85, 124, 0.865252
85, 125, -1
85, 126, 0.0130596
85, 127, 0.0755714
85, 128, 0.597595
85, 129, 0.602058
85, 130, 0.802812
85, 131, -1
85, 132, -1
85, 133, -1
85, 134, -1
85, 135, 0.651143
85, 136, -0.0360179
85, 137, -1
85, 138, -0.129728
85, 139, 0.44142
85, 140, -1
85, 141, 0.539578
85, 142, 0.146939
85, 143, -1
85, 144, -1
85, 145, -1
85, 146, 0.477164
85, 147, 0.686856
85, 148, -0.0449338
85, 149, -1
85, 150, 0.557479
85, 151, 0.856391
85, 152, 0.356705
85, 153, -1
85, 154, 0.423635
85, 155, 0.254043
85, 156, -1
85, 157, -1
85, 158, -1
85, 159, 0.999164
85, 160, 0.646727
85, 161, 0.883181
85, 162, 0.878722
85, 163, 0.972408
85, 164, 0.26744
85, 165, 0.298676
85, 166, -0.0359954
85, 167, -1
85, 168, 0.740434
85, 169, 0.566434
85, 170, -1
85, 171, 0.0844953
85, 172, -1
85, 173, 0.361195
85, 174, 0.115735
85, 175, -1
85, 176, 0.923367
85, 177, -1
85, 178, 0.624411
85, 179, 0.927835
85, 180, 0.686878
85, 181, 0.535181
85, 182, 0.776154
85, 183, -1
85, 184, 0.722619
85, 185, -1
85, 186, 0.343323
85, 187, 0.187146
85, 188, -0.178787
85, 189, -1
85, 190, -1
85, 191, -1
85, 192, 0.548625
85, 193, 0.40138
85, 194, -1
85, 195, -1
85, 196, -1
85, 197, 0.365648
85, 198, -1
85, 199, 0.914499
85, 200, -1
85, 201, -1
85, 202, 0.374579
85, 203, -1
85, 204, 0.660193
85, 205, -1
85, 206, -1
85, 207, -0.290351
85, 208, -1
85, 209, 0.704821
85, 210, -1
85, 211, 0.370169
85, 212, -1
85, 213, -1
85, 214, 0.173827
85, 215, 0.352325
85, 216, -0.268031
85, 217, -1
85, 218, 0.245191
85, 219, 0.820849
85, 220, -1
85, 221, 0.0220624
85, 222, -1
85, 223, 0.758392
85, 224, -1
85, 225, -1
85, 226, -1
85, 227, 0.423699
85, 228, -0.165374
85, 229, -0.205541
85, 230, -0.143058
85, 231, -1
85, 232, -1
85, 233, 0.236323
85, 234, 0.0622385
85, 235, -1
85, 236, 0.673598
85, 237, 0.798578
85, 238, 0.999366
85, 239, 0.910091
85, 240, 0.138111
85, 241, 0.994912
85, 242, -1
85, 243, 0.0622464
85, 244, 0.423763
85, 245, 0.80752
85, 246, -1
85, 247, 0.84322
85, 248, 0.660274
85, 249, -1
85, 250, 0.526368
85, 251, 0.459473
85, 252, 0.178288
85, 253, -1
85, 254, 0.298824
85, 255, 0.432704
85, 256, 0.048869
85, 257, 0.936946
85, 258, -1
85, 259, 0.736114
85, 260, 0.852173
85, 261, -1
85, 262, -1
85, 263, -1
85, 264, -1
85, 265, -1
85, 266, -1
85, 267, 0.548708
85, 268, -1
85, 269, 0.642464
85, 270, -1
85, 271, -1
85, 272, 0.490743
85, 273, -1
85, 274, -1
85, 275, -0.0582291
85, 276, -1
85, 277, -1
85, 278, -1
85, 279, 0.629094
85, 280, -0.0582254
85, 281, -1
85, 282, -1
85, 283, 0.580013
85, 284, -1
85, 285, -1
85, 286, -1
85, 287, 0.356882
85, 288, 0.646961
85, 289, -1
85, 290, -1
85, 291, -1
85, 292, -0.281384
85, 293, -1
85, 294, 0.0756806
85, 295, -1
85, 296, 0.713915
85, 297, 0.789781
85, 298, 0.660327
85, 299, 0.12478
85, 300, 0.718345
85, 301, -0.00911423
85, 302, 0.156025
85, 303, -1
85, 304, 0.69608
85, 305, 0.472942
85, 306, 0.597903
85, 307, 0.249755
85, 308, 0.53989
85, 309, 0.705015
85, 310, -1
85, 311, -1
85, 312, 0.584525
85, 313, -1
85, 314, 0.406011
85, 315, -1
85, 316, -1
85, 317, -1
85, 318, 0.910318
85, 319, 0.713919
85, 320, -1
85, 321, -1
85, 322, 0.856775
85, 323, 0.0667799
85, 324, -1
85, 325, -1
85, 326, -1
85, 327, 0.164976
85, 328, 0.789846
85, 329, 0.651498
85, 330, 0.629185
85, 331, -0.214411
85, 332, -1
85, 333, -1
85, 334, -1
85, 335, 0.285493
85, 336, 0.928212
85, 337, 0.722921
85, 338, -1
85, 339, 0.85231
85, 340, 0.789871
85, 341, -1
85, 342, 0.879134
85, 343, -1
85, 344, -1
85, 345, 0.370307
85, 346, -1
85, 347, -1
85, 348, -1
85, 349, 0.410523
85, 350, 0.504252
85, 351, -1
85, 352, 0.522108
85, 353, 0.76308
85, 354, 0.227492
85, 355, 0.566745
85, 356, 0.102517
85, 357, 0.763128
85, 358, -1
85, 359, -1
85, 360, 0.70061
85, 361, 0.923809
85, 362, 0.682761
85, 363, 0.77653
85, 364, -1
85, 365, 0.593542
85, 366, -1
85, 367, 0.00879207
85, 368, 0.620327
85, 369, -1
85, 370, 0.47304
85, 371, -0.200998
85, 372, -0.0492314
85, 373, -1
85, 374, 0.28558
85, 375, 0.187343
85, 376, 0.758704
85, 377, 0.722959
85, 378, 0.999724
85, 379, -1
85, 380, 0.709575
85, 381, -0.263486
85, 382, 0.209668
85, 383, -1
85, 384, 0.629282
85, 385, -1
85, 386, 0.638172
85, 387, -1
85, 388, 0.187357
85, 389, 0.937265
85, 390, -1
85, 391, -1
85, 392, 0.254316
85, 393, 0.0668418
85, 394, 0.19629
85, 395, 0.0311335
85, 396, 0.267711
85, 397, -1
85, 398, -1
85, 399, -0.232229
86, 0, -1
86, 1, 0.949704
86, 2, 0.99876
86, 3, -1
86, 4, -1
86, 5, 0.998768
86, 6, 0.99877
86, 7, 0.905123
86, 8, 0.967559
86, 9, 0.931885
86, 10, 0.998781
86, 11, -1
86, 12, 0.998786
86, 13, 0.998788
86, 14, 0.998791
86, 15, 0.807025
86, 16, -1
86, 17, 0.543836
86, 18, -1
86, 19, 0.592944
86, 20, -1
86, 21, 0.976511
86, 22, 0.213739
86, 23, 0.967596
86, 24, 0.900703
86, 25, -1
86, 26, -1
86, 27, 0.815971
86, 28, -1
86, 29, 0.998829
86, 30, 0.851657
86, 31, 0.998834
86, 32, 0.998837
86, 33, -1
86, 34, -1
86, 35, -1
86, 36, -1
86, 37, 0.329746
86, 38, -1
86, 39, 0.878438
86, 40, -1
86, 41, 0.414551
86, 42, 0.195915
86, 43, -0.0360886
86, 44, -1
86, 45, -1
86, 46, 0.905214
86, 47, -1
86, 48, 0.998878
86, 49, -1
86, 50, 0.998883
86, 51, 0.998885
86, 52, -1
86, 53, -1
86, 54, 0.998893
86, 55, -1
86, 56, -1
86, 57, -1
86, 58, 0.298584
86, 59, -1
86, 60, -1
86, 61, -0.165475
86, 62, 0.851729
86, 63, 0.82943
86, 64, 0.847273
86, 65, 0.744645
86, 66, 0.664357
86, 67, -1
86, 68, -1
86, 69, 0.998931
86, 70, -1
86, 71, 0.253986
86, 72, 0.985559
86, 73, -1
86, 74, -1
86, 75, 0.940964
86, 76, -1
86, 77, -1
86, 78, 0.543976
86, 79, -1
86, 80, 0.967738
86, 81, -1
86, 82, -1
86, 83, -1
86, 84, -1
86, 85, -1
86, 86, -1
86, 87, -1
86, 88, 0.900852
86, 89, -1
86, 90, 0.998985
86, 91, 0.744698
86, 92, -1
86, 93, -1
86, 94, -1
86, 95, 0.998998
86, 96, -1
86, 97, -1
86, 98, -1
86, 99, -1
86, 100, -1
86, 101, -1
86, 102, -1
86, 103, 0.999018
86, 104, 0.972258
86, 105, -1
86, 106, 0.999026
86, 107, -1
86, 108, -1
86, 109, -1
86, 110, -1
86, 111, 0.838456
86, 112, -1
86, 113, -1
86, 114, -1
86, 115, -1
86, 116, -1
86, 117, -1
86, 118, -1
86, 119, 0.776021
86, 120, -1
86, 121, 0.999064
86, 122, -1
86, 123, -1
86, 124, 0.999072
86, 125, -1
86, 126, -1
86, 127, -1
86, 128, 0.740352
86, 129, -1
86, 130, -1
86, 131, -1
86, 132, -1
86, 133, -1
86, 134, 0.967872
86, 135, 0.967875
86, 136, 0.664527
86, 137, -1
86, 138, -1
86, 139, 0.923276
86, 140, -1
86, 141, 0.637768
86, 142, -1
86, 143, -1
86, 144, -1
86, 145, -1
86, 146, -1
86, 147, -1
86, 148, -1
86, 149, -1
86, 150, -1
86, 151, -1
86, 152, 0.432555
86, 153, -1
86, 154, -1
86, 155, -1
86, 156, -1
86, 157, 0.816251
86, 158, -1
86, 159, -1
86, 160, -1
86, 161, -1
86, 162, -1
86, 163, -1
86, 164, -1
86, 165, -1
86, 166, -1
86, 167, -1
86, 168, -1
86, 169, -1
86, 170, -1
86, 171, -1
86, 172, 0.999195
86, 173, 0.892129
86, 174, 0.829672
86, 175, 0.999202
86, 176, -1
86, 177, 0.860908
86, 178, 0.99921
86, 179, 0.905526
86, 180, 0.200524
86, 181, -1
86, 182, 0.352281
86, 183, -1
86, 184, -1
86, 185, -1
86, 186, -1
86, 187, 0.539651
86, 188, 0.298743
86, 189, -1
86, 190, -1
86, 191, -1
86, 192, 0.896634
86, 193, -1
86, 194, -1
86, 195, -1
86, 196, -1
86, 197, -1
86, 198, -1
86, 199, -1
86, 200, 0.901114
86, 201, -1
86, 202, -1
86, 203, 0.508483
86, 204, 0.258601
86, 205, 0.97251
86, 206, -1
86, 207, 0.807436
86, 208, 0.740512
86, 209, 0.968059
86, 210, 0.999292
86, 211, -1
86, 212, -1
86, 213, 0.883298
86, 214, 0.700367
86, 215, 0.999305
86, 216, 0.999307
86, 217, -1
86, 218, 0.829769
86, 219, 0.762843
86, 220, -1
86, 221, -1
86, 222, -1
86, 223, 0.968093
86, 224, 0.566484
86, 225, -1
86, 226, 0.829786
86, 227, 0.896716
86, 228, -1
86, 229, 0.968108
86, 230, -1
86, 231, 0.968113
86, 232, 0.968116
86, 233, 0.901191
86, 234, -1
86, 235, 0.847653
86, 236, 0.950279
86, 237, -1
86, 238, -1
86, 239, 0.999366
86, 240, 0.936903
86, 241, 0.892286
86, 242, 0.896751
86, 243, -1
86, 244, 0.745046
86, 245, -1
86, 246, 0.968151
86, 247, 0.80306
86, 248, 0.999389
86, 249, -1
86, 250, 0.999394
86, 251, -1
86, 252, -1
86, 253, -1
86, 254, 0.999404
86, 255, 0.753952
86, 256, -1
86, 257, 0.883399
86, 258, 0.999414
86, 259, 0.905714
86, 260, 0.945875
86, 261, -1
86, 262, 0.901259
86, 263, 0.874489
86, 264, -1
86, 265, 0.95035
86, 266, -1
86, 267, 0.999437
86, 268, 0.887887
86, 269, -1
86, 270, -1
86, 271, 0.963751
86, 272, 0.945905
86, 273, 0.999453
86, 274, -1
86, 275, 0.905752
86, 276, 0.968225
86, 277, 0.963766
86, 278, 0.870061
86, 279, 0.941459
86, 280, 0.999471
86, 281, 0.999473
86, 282, 0.834371
86, 283, 0.968243
86, 284, 0.999481
86, 285, 0.932549
86, 286, 0.999486
86, 287, 0.999489
86, 288, -1
86, 289, 0.981645
86, 290, 0.999496
86, 291, 0.968263
86, 292, -1
86, 293, -1
86, 294, 0.963808
86, 295, 0.972735
86, 296, 0.999512
86, 297, 0.999514
86, 298, 0.999517
86, 299, 0.999519
86, 300, 0.937048
86, 301, 0.758549
86, 302, -1
86, 303, -1
86, 304, 0.968295
86, 305, -1
86, 306, 0.9683
86, 307, 0.968302
86, 308, 0.968305
86, 309, 0.968307
86, 310, 0.937072
86, 311, 0.959387
86, 312, 0.999553
86, 313, -1
86, 314, -1
86, 315, 0.98171
86, 316, 0.981712
86, 317, 0.999565
86, 318, 0.96833
86, 319, 0.99957
86, 320, 0.825489
86, 321, -1
86, 322, -1
86, 323, -1
86, 324, 0.999583
86, 325, 0.968347
86, 326, -1
86, 327, -1
86, 328, -1
86, 329, 0.968357
86, 330, 0.624721
86, 331, 0.745221
86, 332, -1
86, 333, 0.999606
86, 334, -1
86, 335, 0.972835
86, 336, 0.937135
86, 337, -1
86, 338, 0.999619
86, 339, 0.968382
86, 340, 0.325667
86, 341, -1
86, 342, 0.999629
86, 343, 0.972855
86, 344, 0.97732
86, 345, -1
86, 346, -1
86, 347, 0.999642
86, 348, 0.928238
86, 349, -1
86, 350, -0.0090362
86, 351, 0.093625
86, 352, -1
86, 353, -1
86, 354, 0.446234
86, 355, -1
86, 356, 0.348044
86, 357, 0.709569
86, 358, 0.307836
86, 359, 0.89256
86, 360, -1
86, 361, 0.803303
86, 362, 0.843473
86, 363, -1
86, 364, -1
86, 365, 0.999688
86, 366, -1
86, 367, -1
86, 368, -1
86, 369, -1
86, 370, -1
86, 371, -1
86, 372, -1
86, 373, -1
86, 374, -1
86, 375, -1
86, 376, -1
86, 377, -1
86, 378, -0.263488
86, 379, -1
86, 380, -1
86, 381, -1
86, 382, 0.999731
86, 383, -1
86, 384, -1
86, 385, 0.535509
86, 386, 0.455168
86, 387, -0.151847
86, 388, -1
86, 389, -1
86, 390, -1
86, 391, -1
86, 392, -1
86, 393, 0.165083
86, 394, -1
86, 395, -1
86, 396, -1
86, 397, -1
86, 398, 0.669477
86, 399, -0.125097
87, 0, -1
87, 1, 0.267247
87, 2, 0.195871
87, 3, 0.851555
87, 4, 0.628559
87, 5, 0.534894
87, 6, 0.793624
87, 7, -1
87, 8, 0.691008
87, 9, -1
87, 10, 0.954183
87, 11, 0.450153
87, 12, -1
87, 13, -1
87, 14, 0.543829
87, 15, -1
87, 16, -1
87, 17, -1
87, 18, 0.204811
87, 19, -1
87, 20, 0.967586
87, 21, 0.494774
87, 22, -1
87, 23, 0.749019
87, 24, 0.262813
87, 25, -0.018256
87, 26, 0.780286
87, 27, 0.856068
87, 28, 0.46356
87, 29, -1
87, 30, -1
87, 31, -0.018211
87, 32, 0.896259
87, 33, -0.129797
87, 34, 0.882884
87, 35, -1
87, 36, 0.811488
87, 37, -1
87, 38, -1
87, 39, 0.949794
87, 40, 0.949797
87, 41, 0.744595
87, 42, 0.882862
87, 43, 0.958724
87, 44, 0.405632
87, 45, -1
87, 46, 0.68662
87, 47, 0.392253
87, 48, 0.187038
87, 49, -1
87, 50, -0.0226582
87, 51, -1
87, 52, 0.936446
87, 53, 0.838326
87, 54, 0.401185
87, 55, -1
87, 56, -1
87, 57, 0.646496
87, 58, -1
87, 59, -1
87, 60, 0.535023
87, 61, -1
87, 62, 0.780361
87, 63, -1
87, 64, 0.106705
87, 65, -1
87, 66, -1
87, 67, -0.0895754
87, 68, 0.579645
87, 69, -1
87, 70, 0.164753
87, 71, -1
87, 72, -1
87, 73, -1
87, 74, -1
87, 75, -0.0762239
87, 76, 0.905282
87, 77, 0.85172
87, 78, 0.334258
87, 79, 0.16026
87, 80, -1
87, 81, -1
87, 82, 0.878534
87, 83, 0.218306
87, 84, -1
87, 85, -1
87, 86, -0.152074
87, 87, -0.098486
87, 88, -0.281483
87, 89, -1
87, 90, 0.347698
87, 91, -1
87, 92, -1
87, 93, 0.909742
87, 94, 0.878521
87, 95, -1
87, 96, -1
87, 97, 0.838423
87, 98, -1
87, 99, -1
87, 100, -1
87, 101, -1
87, 102, -1
87, 103, -1
87, 104, 0.48602
87, 105, -1
87, 106, -0.299284
87, 107, -0.303747
87, 108, -1
87, 109, -1
87, 110, -1
87, 111, 0.138023
87, 112, -1
87, 113, 0.370036
87, 114, -0.036036
87, 115, -1
87, 116, -1
87, 117, -1
87, 118, 0.74033
87, 119, 0.999057
87, 120, -1
87, 121, -1
87, 122, 0.90539
87, 123, -1
87, 124, -1
87, 125, -1
87, 126, 0.486054
87, 127, -1
87, 128, 0.508364
87, 129, 0.481597
87, 130, 0.142504
87, 131, -1
87, 132, 0.619905
87, 133, 0.999092
87, 134, -1
87, 135, -1
87, 136, 0.530684
87, 137, 0.807284
87, 138, 0.584225
87, 139, -1
87, 140, 0.878667
87, 141, -1
87, 142, -1
87, 143, 0.999118
87, 144, 0.289764
87, 145, -1
87, 146, 0.0487728
87, 147, 0.0844717
87, 148, 0.999131
87, 149, -1
87, 150, -1
87, 151, 0.19603
87, 152, -1
87, 153, 0.570866
87, 154, 0.570827
87, 155, 0.191612
87, 156, 0.129143
87, 157, -1
87, 158, -1
87, 159, 0.967932
87, 160, 0.307591
87, 161, 0.999164
87, 162, 0.807297
87, 163, -1
87, 164, 0.213933
87, 165, 0.838533
87, 166, -1
87, 167, -0.0895469
87, 168, -1
87, 169, 0.878733
87, 170, 0.856429
87, 171, -1
87, 172, -1
87, 173, -1
87, 174, 0.633364
87, 175, -0.12074
87, 176, 0.807327
87, 177, -1
87, 178, -1
87, 179, 0.780605
87, 180, -1
87, 181, -1
87, 182, -1
87, 183, -1
87, 184, 0.34782
87, 185, 0.588767
87, 186, 0.298739
87, 187, 0.182681
87, 188, 0.945697
87, 189, 0.843087
87, 190, -1
87, 191, -1
87, 192, -1
87, 193, 0.61109
87, 194, 0.722635
87, 195, -1
87, 196, -1
87, 197, -1
87, 198, 0.874338
87, 199, 0.164844
87, 200, 0.985879
87, 201, 0.936806
87, 202, -1
87, 203, 0.968041
87, 204, 0.655728
87, 205, 0.749427
87, 206, -0.12076
87, 207, -1
87, 208, 0.936823
87, 209, -1
87, 210, -1
87, 211, 0.0756448
87, 212, -1
87, 213, -1
87, 214, -1
87, 215, -1
87, 216, 0.642364
87, 217, -1
87, 218, 0.727144
87, 219, -0.138603
87, 220, -1
87, 221, 0.999317
87, 222, 0.669106
87, 223, -1
87, 224, -1
87, 225, 0.446004
87, 226, -1
87, 227, 0.209498
87, 228, -1
87, 229, -1
87, 230, -0.321583
87, 231, -1
87, 232, -0.111777
87, 233, -1
87, 234, 0.446018
87, 235, 0.388008
87, 236, 0.365697
87, 237, 0.90566
87, 238, 0.606706
87, 239, -1
87, 240, -1
87, 241, 0.936903
87, 242, 0.905672
87, 243, 0.588866
87, 244, 0.504084
87, 245, 0.303274
87, 246, 0.60672
87, 247, 0.54425
87, 248, -1
87, 249, -1
87, 250, -1
87, 251, -1
87, 252, 0.905696
87, 253, -1
87, 254, -1
87, 255, 0.682595
87, 256, 0.316635
87, 257, 0.553191
87, 258, 0.147053
87, 259, 0.151516
87, 260, -1
87, 261, -1
87, 262, -1
87, 263, 0.905721
87, 264, -1
87, 265, -1
87, 266, 0.0845797
87, 267, 0.388092
87, 268, 0.486271
87, 269, 0.99944
87, 270, 0.521934
87, 271, -1
87, 272, -1
87, 273, 0.138142
87, 274, 0.28988
87, 275, -1
87, 276, -1
87, 277, -1
87, 278, 0.535375
87, 279, -1
87, 280, -1
87, 281, 0.713841
87, 282, -1
87, 283, 0.999476
87, 284, 0.289892
87, 285, 0.624639
87, 286, -0.143024
87, 287, 0.718356
87, 288, 0.298863
87, 289, 0.557706
87, 290, -1
87, 291, -0.156411
87, 292, -1
87, 293, 0.79419
87, 294, -1
87, 295, -1
87, 296, -1
87, 297, 0.169407
87, 298, 0.383671
87, 299, -1
87, 300, 0.937045
87, 301, -1
87, 302, -1
87, 303, 0.999527
87, 304, 0.312232
87, 305, 0.669261
87, 306, -1
87, 307, 0.999537
87, 308, 0.968302
87, 309, 0.968305
87, 310, -1
87, 311, 0.164998
87, 312, -1
87, 313, 0.937077
87, 314, 0.865637
87, 315, 0.588949
87, 316, -1
87, 317, 0.999563
87, 318, -1
87, 319, -1
87, 320, 0.99957
87, 321, -1
87, 322, -1
87, 323, -1
87, 324, 0.928178
87, 325, 0.999583
87, 326, 0.901366
87, 327, -1
87, 328, -1
87, 329, 0.571161
87, 330, -1
87, 331, -1
87, 332, 0.879107
87, 333, -1
87, 334, 0.968367
87, 335, 0.825519
87, 336, 0.606877
87, 337, 0.771969
87, 338, -1
87, 339, -1
87, 340, -1
87, 341, 0.981773
87, 342, 0.937147
87, 343, -1
87, 344, -1
87, 345, -1
87, 346, 0.999637
87, 347, 0.825586
87, 348, 0.999642
87, 349, 0.874683
87, 350, -1
87, 351, -1
87, 352, -1
87, 353, 0.852377
87, 354, -1
87, 355, 0.392675
87, 356, -1
87, 357, -0.080489
87, 358, 0.986279
87, 359, 0.72296
87, 360, -1
87, 361, 0.999675
87, 362, 0.455131
87, 363, 0.526586
87, 364, 0.566757
87, 365, 0.544402
87, 366, -1
87, 367, 0.432862
87, 368, -1
87, 369, -1
87, 370, -1
87, 371, -1
87, 372, 0.999703
87, 373, -1
87, 374, -1
87, 375, -1
87, 376, -1
87, 377, 0.825651
87, 378, -0.192068
87, 379, 0.959552
87, 380, -0.259023
87, 381, 0.986337
87, 382, 0.611421
87, 383, -1
87, 384, -1
87, 385, 0.754255
87, 386, 0.0847289
87, 387, 0.290057
87, 388, 0.419501
87, 389, -1
87, 390, -1
87, 391, -0.0491785
87, 392, -1
87, 393, 0.142763
87, 394, 0.348052
87, 395, 0.794446
87, 396, 0.173972
87, 397, 0.423937
87, 398, -1
87, 399, -1
88, 0, 0.900642
88, 1, 0.945239
88, 2, 0.936323
88, 3, -1
88, 4, 0.887272
88, 5, -1
88, 6, 0.740103
88, 7, -1
88, 8, -1
88, 9, -1
88, 10, -1
88, 11, 0.958643
88, 12, 0.775795
88, 13, 0.833776
88, 14, 0.864997
88, 15, 0.963112
88, 16, 0.39667
88, 17, 0.686604
88, 18, -1
88, 19, 0.909606
88, 20, 0.833791
88, 21, 0.815954
88, 22, 0.784736
88, 23, -1
88, 24, -1
88, 25, -1
88, 26, 0.985438
88, 27, -1
88, 28, 0.900707
88, 29, 0.838271
88, 30, 0.94085
88, 31, -1
88, 32, -1
88, 33, -1
88, 34, -1
88, 35, 0.856124
88, 36, -1
88, 37, -1
88, 38, 0.989928
88, 39, 0.691106
88, 40, -1
88, 41, -1
88, 42, -1
88, 43, -0.062821
88, 44, -1
88, 45, -1
88, 46, -1
88, 47, 0.99887
88, 48, 0.998873
88, 49, 0.940896
88, 50, -1
88, 51, -1
88, 52, 0.998883
88, 53, 0.905226
88, 54, 0.967668
88, 55, -1
88, 56, -1
88, 57, 0.998896
88, 58, -1
88, 59, 0.9097
88, 60, -1
88, 61, -1
88, 62, 0.668806
88, 63, -1
88, 64, -1
88, 65, 0.998916
88, 66, 0.998919
88, 67, -1
88, 68, 0.967703
88, 69, -1
88, 70, 0.905266
88, 71, -1
88, 72, 0.838366
88, 73, 0.896352
88, 74, 0.887434
88, 75, 0.998942
88, 76, 0.998944
88, 77, -1
88, 78, 0.998949
88, 79, 0.972191
88, 80, -1
88, 81, -1
88, 82, 0.963278
88, 83, 0.998962
88, 84, -1
88, 85, 0.998967
88, 86, 0.99897
88, 87, -1
88, 88, 0.967753
88, 89, 0.936533
88, 90, 0.99898
88, 91, 0.998983
88, 92, 0.579684
88, 93, -1
88, 94, -1
88, 95, -1
88, 96, 0.914248
88, 97, 0.998998
88, 98, 0.941015
88, 99, 0.999003
88, 100, 0.999006
88, 101, -1
88, 102, 0.847353
88, 103, -1
88, 104, -1
88, 105, 0.936572
88, 106, -1
88, 107, 0.9678
88, 108, 0.784916
88, 109, -1
88, 110, -1
88, 111, -1
88, 112, -1
88, 113, -1
88, 114, 0.454804
88, 115, 0.891989
88, 116, 0.999046
88, 117, 0.999049
88, 118, 0.999052
88, 119, 0.999054
88, 120, 0.967832
88, 121, -1
88, 122, -1
88, 123, -1
88, 124, -1
88, 125, 0.967845
88, 126, 0.941083
88, 127, 0.945546
88, 128, 0.936627
88, 129, 0.967855
88, 130, -1
88, 131, -1
88, 132, -1
88, 133, 0.383446
88, 134, -1
88, 135, 0.96787
88, 136, -1
88, 137, -1
88, 138, -1
88, 139, 0.941115
88, 140, 0.999108
88, 141, -1
88, 142, -1
88, 143, -1
88, 144, 0.999118
88, 145, -1
88, 146, 0.936671
88, 147, -1
88, 148, -1
88, 149, -1
88, 150, 0.999133
88, 151, -1
88, 152, -1
88, 153, -1
88, 154, 0.999144
88, 155, -1
88, 156, -1
88, 157, 0.967924
88, 158, 0.914395
88, 159, 0.820713
88, 160, 0.967932
88, 161, 0.860868
88, 162, 0.856409
88, 163, -1
88, 164, -1
88, 165, 0.976866
88, 166, 0.967947
88, 167, 0.963488
88, 168, 0.95903
88, 169, -1
88, 170, -1
88, 171, -1
88, 172, -1
88, 173, 0.941197
88, 174, -1
88, 175, -1
88, 176, -1
88, 177, -1
88, 178, 0.905519
88, 179, -1
88, 180, -1
88, 181, -1
88, 182, -1
88, 183, -1
88, 184, -1
88, 185, -1
88, 186, -1
88, 187, 0.941231
88, 188, 0.936772
88, 189, 0.968004
88, 190, -1
88, 191, 0.999238
88, 192, -1
88, 193, -1
88, 194, 0.968016
88, 195, -1
88, 196, -1
88, 197, 0.950178
88, 198, 0.896643
88, 199, -1
88, 200, 0.892187
88, 201, 0.691415
88, 202, -1
88, 203, -1
88, 204, -1
88, 205, -1
88, 206, -1
88, 207, 0.968049
88, 208, 0.976974
88, 209, 0.999284
88, 210, 0.999287
88, 211, 0.999289
88, 212, -1
88, 213, 0.910063
88, 214, -1
88, 215, -1
88, 216, -1
88, 217, -1
88, 218, -1
88, 219, -1
88, 220, 0.727146
88, 221, -1
88, 222, 0.981471
88, 223, 0.923472
88, 224, -1
88, 225, -1
88, 226, -1
88, 227, 0.892249
88, 228, 0.999333
88, 229, 0.968103
88, 230, -1
88, 231, -1
88, 232, -1
88, 233, -1
88, 234, -1
88, 235, 0.936886
88, 236, -1
88, 237, -1
88, 238, 0.669175
88, 239, 0.861044
88, 240, -1
88, 241, -1
88, 242, -1
88, 243, -1
88, 244, -1
88, 245, -1
88, 246, 0.896755
88, 247, -1
88, 248, 0.999384
88, 249, 0.999386
88, 250, -1
88, 251, -1
88, 252, 0.999394
88, 253, -0.138542
88, 254, -1
88, 255, -1
88, 256, -1
88, 257, 0.731682
88, 258, 0.776306
88, 259, 0.32114
88, 260, 0.753959
88, 261, 0.981569
88, 262, 0.950337
88, 263, -1
88, 264, -1
88, 265, 0.914648
88, 266, 0.89234
88, 267, 0.968198
88, 268, -1
88, 269, -1
88, 270, -1
88, 271, -1
88, 272, -1
88, 273, -1
88, 274, 0.602305
88, 275, -1
88, 276, -1
88, 277, -1
88, 278, -1
88, 279, 0.535335
88, 280, 0.267613
88, 281, -1
88, 282, 0.865603
88, 283, -1
88, 284, 0.754048
88, 285, 0.968243
88, 286, -1
88, 287, 0.999483
88, 288, -1
88, 289, -1
88, 290, -1
88, 291, -1
88, 292, 0.96826
88, 293, 0.713903
88, 294, -1
88, 295, -1
88, 296, -1
88, 297, -1
88, 298, 0.999512
88, 299, -1
88, 300, -1
88, 301, 0.816558
88, 302, 0.615742
88, 303, 0.713923
88, 304, -1
88, 305, 0.968292
88, 306, 0.968295
88, 307, 0.968297
88, 308, 0.9683
88, 309, -1
88, 310, -1
88, 311, -1
88, 312, 0.910297
88, 313, 0.968312
88, 314, 0.513117
88, 315, 0.999555
88, 316, -1
88, 317, -1
88, 318, -1
88, 319, 0.22749
88, 320, -1
88, 321, -1
88, 322, 0.669331
88, 323, 0.968337
88, 324, 0.96834
88, 325, -1
88, 326, -1
88, 327, 0.780912
88, 328, -1
88, 329, -1
88, 330, 0.758604
88, 331, 0.999596
88, 332, -1
88, 333, -1
88, 334, -1
88, 335, -1
88, 336, -1
88, 337, 0.821099
88, 338, 0.597953
88, 339, 0.633659
88, 340, -1
88, 341, 0.0579067
88, 342, -1
88, 343, 0.861278
88, 344, 0.852354
88, 345, -1
88, 346, 0.655987
88, 347, -1
88, 348, -1
88, 349, -1
88, 350, -1
88, 351, 0.968407
88, 352, -1
88, 353, 0.968412
88, 354, -1
88, 355, 0.959491
88, 356, 0.834529
88, 357, 0.236459
88, 358, -1
88, 359, -1
88, 360, -1
88, 361, 0.736352
88, 362, -1
88, 363, -1
88, 364, 0.651557
88, 365, 0.986294
88, 366, 0.941666
88, 367, 0.999688
88, 368, 0.937207
88, 369, -1
88, 370, 0.999696
88, 371, -1
88, 372, -1
88, 373, -1
88, 374, -1
88, 375, -1
88, 376, 0.825647
88, 377, -1
88, 378, -1
88, 379, 0.999719
88, 380, 0.990795
88, 381, -1
88, 382, -1
88, 383, -1
88, 384, -1
88, 385, -1
88, 386, 0.968494
88, 387, 0.937253
88, 388, 0.906013
88, 389, 0.937258
88, 390, -1
88, 391, 0.999749
88, 392, -1
88, 393, -1
88, 394, -1
88, 395, 0.950663
88, 396, 0.68286
88, 397, -1
88, 398, 0.856939
88, 399, -1
89, 0, 0.998747
89, 1, -1
89, 2, -1
89, 3, 0.713335
89, 4, 0.637475
89, 5, -1
89, 6, -1
89, 7, 0.213759
89, 8, -1
89, 9, -1
89, 10, -1
89, 11, -1
89, 12, -1
89, 13, -1
89, 14, 0.628613
89, 15, -1
89, 16, 0.967572
89, 17, -1
89, 18, 0.92298
89, 19, -1
89, 20, 0.887307
89, 21, 0.584022
89, 22, 0.798114
89, 23, 0.766896
89, 24, -1
89, 25, 0.989892
89, 26, -1
89, 27, -1
89, 28, -1
89, 29, -1
89, 30, -1
89, 31, -1
89, 32, -1
89, 33, -1
89, 34, -1
89, 35, -1
89, 36, 0.311897
89, 37, -1
89, 38, -1
89, 39, 0.972088
89, 40, 0.820453
89, 41, 0.891815
89, 42, -1
89, 43, 0.85614
89, 44, -1
89, 45, -1
89, 46, -1
89, 47, -1
89, 48, -1
89, 49, 0.936434
89, 50, -1
89, 51, -1
89, 52, 0.940901
89, 53, -1
89, 54, 0.77142
89, 55, 0.561736
89, 56, 0.972131
89, 57, -1
89, 58, 0.606389
89, 59, -1
89, 60, 0.998901
89, 61, 0.0843919
89, 62, -1
89, 63, 0.998908
89, 64, 0.93201
89, 65, -1
89, 66, -1
89, 67, 0.851733
89, 68, 0.972161
89, 69, -1
89, 70, -1
89, 71, -1
89, 72, 0.878506
89, 73, 0.936492
89, 74, 0.945415
89, 75, -1
89, 76, 0.459168
89, 77, -1
89, 78, 0.31641
89, 79, -1
89, 80, -1
89, 81, 0.115683
89, 82, -1
89, 83, -1
89, 84, -1
89, 85, -1
89, 86, 0.914222
89, 87, -1
89, 88, -1
89, 89, -1
89, 90, 0.967755
89, 91, -1
89, 92, -1
89, 93, 0.93208
89, 94, 0.865175
89, 95, 0.191547
89, 96, -1
89, 97, -0.0761695
89, 98, -1
89, 99, -1
89, 100, 0.494934
89, 101, -0.210077
89, 102, -1
89, 103, -1
89, 104, -1
89, 105, 0.86074
89, 106, -1
89, 107, 0.999021
89, 108, 0.936577
89, 109, -1
89, 110, -1
89, 111, -1
89, 112, 0.784922
89, 113, 0.851836
89, 114, 0.967815
89, 115, 0.887526
89, 116, 0.713556
89, 117, -1
89, 118, 0.405732
89, 119, -0.0628074
89, 120, -1
89, 121, -1
89, 122, 0.753716
89, 123, 0.972298
89, 124, -1
89, 125, -1
89, 126, 0.999069
89, 127, 0.936622
89, 128, 0.96785
89, 129, -1
89, 130, -1
89, 131, -1
89, 132, -1
89, 133, -1
89, 134, -1
89, 135, 0.950024
89, 136, 0.7359
89, 137, 0.76709
89, 138, -1
89, 139, -1
89, 140, -1
89, 141, 0.972343
89, 142, 0.99465
89, 143, 0.999113
89, 144, -1
89, 145, -1
89, 146, -1
89, 147, 0.905444
89, 148, -1
89, 149, -1
89, 150, -1
89, 151, -1
89, 152, 0.999136
89, 153, 0.936685
89, 154, -1
89, 155, 0.914385
89, 156, 0.967919
89, 157, 0.936695
89, 158, -1
89, 159, -1
89, 160, 0.954546
89, 161, 0.950088
89, 162, 0.999161
89, 163, -1
89, 164, 0.999167
89, 165, -1
89, 166, 0.967944
89, 167, 0.82965
89, 168, -1
89, 169, 0.789503
89, 170, 0.7092
89, 171, -1
89, 172, -1
89, 173, -1
89, 174, -1
89, 175, -1
89, 176, -1
89, 177, -1
89, 178, 0.923362
89, 179, 0.758294
89, 180, 0.776101
89, 181, -1
89, 182, -1
89, 183, 0.999215
89, 184, 0.999218
89, 185, -1
89, 186, 0.967994
89, 187, -1
89, 188, 0.81185
89, 189, 0.905543
89, 190, -1
89, 191, 0.936777
89, 192, 0.97247
89, 193, 0.914475
89, 194, 0.883247
89, 195, 0.94571
89, 196, 0.968019
89, 197, -1
89, 198, -1
89, 199, -1
89, 200, 0.97249
89, 201, 0.923417
89, 202, -1
89, 203, 0.999266
89, 204, 0.968039
89, 205, -1
89, 206, -1
89, 207, -1
89, 208, -1
89, 209, 0.936821
89, 210, 0.838668
89, 211, 0.927902
89, 212, 0.950213
89, 213, -1
89, 214, 0.887755
89, 215, 0.968066
89, 216, -1
89, 217, -1
89, 218, 0.860994
89, 219, 0.945768
89, 220, 0.99931
89, 221, 0.981466
89, 222, 0.999315
89, 223, 0.968086
89, 224, 0.941319
89, 225, -1
89, 226, 0.999325
89, 227, 0.999328
89, 228, -1
89, 229, -1
89, 230, 0.776246
89, 231, -1
89, 232, 0.99934
89, 233, 0.950264
89, 234, -1
89, 235, 0.968116
89, 236, -1
89, 237, 0.218473
89, 238, 0.767338
89, 239, -1
89, 240, -1
89, 241, -1
89, 242, 0.914591
89, 243, 0.945827
89, 244, -1
89, 245, 0.999374
89, 246, -1
89, 247, -1
89, 248, 0.941377
89, 249, -1
89, 250, 0.945844
89, 251, -1
89, 252, 0.892305
89, 253, 0.968161
89, 254, -1
89, 255, -1
89, 256, 0.954782
89, 257, 0.910165
89, 258, 0.646899
89, 259, 0.994907
89, 260, 0.727223
89, 261, -1
89, 262, 0.870017
89, 263, 0.936951
89, 264, -1
89, 265, 0.999425
89, 266, 0.999427
89, 267, 0.941423
89, 268, 0.941425
89, 269, 0.923579
89, 270, 0.87896
89, 271, 0.856651
89, 272, 0.941435
89, 273, 0.96821
89, 274, -1
89, 275, 0.99945
89, 276, -1
89, 277, -1
89, 278, -1
89, 279, -1
89, 280, -1
89, 281, -1
89, 282, -1
89, 283, -1
89, 284, -1
89, 285, -1
89, 286, -1
89, 287, -1
89, 288, -1
89, 289, 0.825455
89, 290, 0.874544
89, 291, 0.812072
89, 292, 0.968258
89, 293, -1
89, 294, 0.999499
89, 295, 0.999501
89, 296, -1
89, 297, -1
89, 298, -1
89, 299, -1
89, 300, -1
89, 301, 0.96828
89, 302, -1
89, 303, -1
89, 304, 0.8121
89, 305, -1
89, 306, -1
89, 307, -1
89, 308, -1
89, 309, -1
89, 310, 0.834426
89, 311, -1
89, 312, -1
89, 313, -1
89, 314, -1
89, 315, -1
89, 316, 0.861215
89, 317, -1
89, 318, 0.838906
89, 319, 0.968325
89, 320, 0.968327
89, 321, -1
89, 322, -1
89, 323, -1
89, 324, -1
89, 325, -1
89, 326, -1
89, 327, -1
89, 328, -1
89, 329, -1
89, 330, 0.870172
89, 331, -1
89, 332, 0.883565
89, 333, 0.999599
89, 334, -1
89, 335, -1
89, 336, 0.995143
89, 337, 0.892502
89, 338, 0.999611
89, 339, 0.441705
89, 340, -1
89, 341, -1
89, 342, -1
89, 343, -1
89, 344, 0.968387
89, 345, -1
89, 346, -1
89, 347, -1
89, 348, -1
89, 349, -1
89, 350, 0.861292
89, 351, 0.919312
89, 352, -1
89, 353, 0.99965
89, 354, 0.999652
89, 355, 0.999655
89, 356, -1
89, 357, 0.941641
89, 358, 0.852384
89, 359, -1
89, 360, 0.999668
89, 361, -1
89, 362, -0.0670558
89, 363, -1
89, 364, -1
89, 365, -1
89, 366, -1
89, 367, 0.803309
89, 368, 0.660489
89, 369, 0.865798
89, 370, -1
89, 371, 0.897044
89, 372, -1
89, 373, -1
89, 374, -1
89, 375, 0.999706
89, 376, 0.910445
89, 377, 0.968469
89, 378, 0.977398
89, 379, -1
89, 380, -1
89, 381, 0.365887
89, 382, -0.00901342
89, 383, -1
89, 384, 0.673909
89, 385, -1
89, 386, -1
89, 387, -1
89, 388, -1
89, 389, -1
89, 390, -1
89, 391, 0.999747
89, 392, -1
89, 393, -1
89, 394, -1
89, 395, -1
89, 396, -1
89, 397, -1
89, 398, 0.919424
89, 399, 0.946207
90, 0, 0.887258
90, 1, 0.802487
90, 2, -1
90, 3, 0.93632
90, 4, 0.704375
90, 5, 0.994298
90, 6, 0.775778
90, 7, 0.93633
90, 8, 0.36093
90, 9, 0.59292
90, 10, 0.691047
90, 11, 0.686588
90, 12, -1
90, 13, -1
90, 14, 0.383242
90, 15, -1
90, 16, 0.490301
90, 17, 0.575052
90, 18, -1
90, 19, 0.909601
90, 20, 0.945281
90, 21, -1
90, 22, -1
90, 23, 0.998804
90, 24, 0.998806
90, 25, -1
90, 26, 0.276195
90, 27, 0.842722
90, 28, -1
90, 29, -0.254699
90, 30, -1
90, 31, 0.485904
90, 32, -1
90, 33, 0.481446
90, 34, 0.722274
90, 35, 0.824859
90, 36, -0.0628678
90, 37, -1
90, 38, -1
90, 39, 0.940867
90, 40, 0.967629
90, 41, 0.98989
90, 42, 0.450194
90, 43, 0.847217
90, 44, -1
90, 45, 0.873982
90, 46, 0.543917
90, 47, -1
90, 48, -1
90, 49, -1
90, 50, -1
90, 51, 0.766951
90, 52, -1
90, 53, 0.463633
90, 54, 0.677749
90, 55, -1
90, 56, -1
90, 57, 0.829408
90, 58, 0.82941
90, 59, -1
90, 60, 0.918618
90, 61, -1
90, 62, 0.802657
90, 63, 0.508217
90, 64, -1
90, 65, -1
90, 66, 0.485958
90, 67, -1
90, 68, -1
90, 69, 0.659935
90, 70, 0.0755159
90, 71, 0.414588
90, 72, -1
90, 73, -1
90, 74, 0.222714
90, 75, -1
90, 76, 0.5172
90, 77, 0.824991
90, 78, -1
90, 79, -1
90, 80, -1
90, 81, -1
90, 82, -1
90, 83, 0.820544
90, 84, 0.967738
90, 85, -1
90, 86, -1
90, 87, 0.825013
90, 88, 0.87408
90, 89, 0.37
90, 90, 0.427998
90, 91, 0.356578
90, 92, -1
90, 93, -0.111911
90, 94, -1
90, 95, 0.998988
90, 96, 0.378932
90, 97, 0.477082
90, 98, 0.869602
90, 99, 0.874105
90, 100, 0.909792
90, 101, 0.597499
90, 102, 0.195974
90, 103, 0.945483
90, 104, 0.606427
90, 105, 0.508283
90, 106, 0.749221
90, 107, 0.914269
90, 108, -1
90, 109, 0.387873
90, 110, 0.311987
90, 111, 0.668894
90, 112, 0.517257
90, 113, -1
90, 114, -1
90, 115, 0.0934043
90, 116, -1
90, 117, -1
90, 118, -1
90, 119, -1
90, 120, -1
90, 121, -1
90, 122, 0.686759
90, 123, 0.784943
90, 124, -1
90, 125, 0.726914
90, 126, 0.762645
90, 127, 0.838483
90, 128, 0.619852
90, 129, -1
90, 130, -1
90, 131, -1
90, 132, -1
90, 133, -1
90, 134, -0.00474671
90, 135, -1
90, 136, -1
90, 137, 0.896456
90, 138, 0.423565
90, 139, -1
90, 140, 0.271868
90, 141, 0.936654
90, 142, 0.914312
90, 143, -1
90, 144, 0.869747
90, 145, -1
90, 146, 0.218372
90, 147, -1
90, 148, -1
90, 149, -0.250175
90, 150, -1
90, 151, -1
90, 152, -0.0270848
90, 153, -1
90, 154, -1
90, 155, -1
90, 156, 0.392358
90, 157, -1
90, 158, -1
90, 159, -1
90, 160, -1
90, 161, -0.125254
90, 162, 0.901016
90, 163, 0.0487848
90, 164, 0.245124
90, 165, 0.878717
90, 166, -1
90, 167, 0.896566
90, 168, -1
90, 169, 0.481653
90, 170, -1
90, 171, -1
90, 172, -1
90, 173, -1
90, 174, -1
90, 175, -1
90, 176, -1
90, 177, 0.588748
90, 178, -1
90, 179, -0.143093
90, 180, -1
90, 181, 0.307613
90, 182, -1
90, 183, 0.521831
90, 184, -1
90, 185, 0.646764
90, 186, -1
90, 187, 0.334434
90, 188, 0.843079
90, 189, -1
90, 190, 0.347824
90, 191, -1
90, 192, -0.268005
90, 193, 0.347828
90, 194, -1
90, 195, -1
90, 196, -1
90, 197, -0.111842
90, 198, 0.81183
90, 199, -1
90, 200, -1
90, 201, -1
90, 202, 0.490587
90, 203, 0.530747
90, 204, -1
90, 205, 0.936809
90, 206, 0.816349
90, 207, 0.588799
90, 208, 0.0175849
90, 209, 0.517411
90, 210, 0.570956
90, 211, -1
90, 212, -1
90, 213, -1
90, 214, 0.428135
90, 215, -1
90, 216, -1
90, 217, 0.18275
90, 218, -1
90, 219, -1
90, 220, -1
90, 221, 0.985925
90, 222, 0.999312
90, 223, -0.0984362
90, 224, -0.192158
90, 225, -1
90, 226, 0.0622271
90, 227, 0.771775
90, 228, -1
90, 229, -0.0314486
90, 230, 0.298789
90, 231, -1
90, 232, 0.200616
90, 233, -1
90, 234, 0.419239
90, 235, 0.0221102
90, 236, 0.999348
90, 237, -1
90, 238, 0.910117
90, 239, -1
90, 240, 0.678099
90, 241, 0.0577775
90, 242, -1
90, 243, 0.999366
90, 244, 0.124722
90, 245, -1
90, 246, -1
90, 247, -1
90, 248, -1
90, 249, -1
90, 250, -1
90, 251, 0.405916
90, 252, 0.46393
90, 253, 0.298817
90, 254, -1
90, 255, 0.512981
90, 256, 0.124774
90, 257, 0.869964
90, 258, -1
90, 259, 0.615662
90, 260, 0.236307
90, 261, 0.999412
90, 262, -1
90, 263, -1
90, 264, 0.70938
90, 265, 0.401473
90, 266, 0.338957
90, 267, 0.379163
90, 268, 0.861105
90, 269, -1
90, 270, 0.102473
90, 271, -1
90, 272, -1
90, 273, 0.611225
90, 274, 0.539826
90, 275, -0.0805484
90, 276, 0.0132179
90, 277, 0.218515
90, 278, 0.124755
90, 279, 0.307734
90, 280, 0.874518
90, 281, 0.687061
90, 282, 0.6469
90, 283, 0.392572
90, 284, -1
90, 285, -0.303706
90, 286, -1
90, 287, 0.887881
90, 288, -1
90, 289, -0.23225
90, 290, 0.048894
90, 291, -1
90, 292, 0.120305
90, 293, -1
90, 294, -1
90, 295, -1
90, 296, -1
90, 297, -0.0760698
90, 298, 0.620194
90, 299, -1
90, 300, 0.669246
90, 301, -1
90, 302, -1
90, 303, 0.642516
90, 304, 0.861186
90, 305, -1
90, 306, -1
90, 307, -0.326014
90, 308, -0.160825
90, 309, 0.50418
90, 310, -1
90, 311, -0.0894499
90, 312, -1
90, 313, 0.638031
90, 314, 0.37026
90, 315, -1
90, 316, -1
90, 317, 0.334559
90, 318, 0.995095
90, 319, 0.740726
90, 320, 0.0399932
90, 321, -1
90, 322, 0.37031
90, 323, 0.517551
90, 324, 0.865653
90, 325, -1
90, 326, 0.776443
90, 327, -1
90, 328, -1
90, 329, -1
90, 330, 0.330153
90, 331, 0.450658
90, 332, 0.191756
90, 333, -1
90, 334, -1
90, 335, -1
90, 336, -1
90, 337, -1
90, 338, 0.816634
90, 339, 0.892504
90, 340, 0.749694
90, 341, 0.740771
90, 342, -1
90, 343, -0.0983549
90, 344, -1
90, 345, 0.714001
90, 346, 0.495312
90, 347, 0.361417
90, 348, 0.464073
90, 349, -1
90, 350, -1
90, 351, 0.633677
90, 352, 0.339067
90, 353, -1
90, 354, -1
90, 355, -1
90, 356, -1
90, 357, 0.905935
90, 358, -1
90, 359, 0.999662
90, 360, -1
90, 361, 0.865777
90, 362, -1
90, 363, 0.423885
90, 364, 0.356976
90, 365, -1
90, 366, 0.410539
90, 367, -0.0358479
90, 368, -1
90, 369, 0.629206
90, 370, -1
90, 371, 0.0445
90, 372, -1
90, 373, 0.59797
90, 374, 0.905975
90, 375, -1
90, 376, -1
90, 377, 0.763159
90, 378, 0.999711
90, 379, 0.937229
90, 380, -1
90, 381, 0.124854
90, 382, 0.874751
90, 383, 0.325716
90, 384, 0.589102
90, 385, 0.388208
90, 386, 0.169495
90, 387, 0.379324
90, 388, 0.254305
90, 389, -1
90, 390, -1
90, 391, 0.914942
90, 392, 0.575726
90, 393, -1
90, 394, 0.539981
90, 395, -0.0849283
90, 396, -1
90, 397, -1
90, 398, -1
90, 399, -1
91, 0, 0.133409
91, 1, -1
91, 2, 0.682069
91, 3, 0.673151
91, 4, 0.793571
91, 5, 0.597372
91, 6, 0.302976
91, 7, -0.0539257
91, 8, -1
91, 9, -1
91, 10, 0.262832
91, 11, -1
91, 12, 0.909582
91, 13, -1
91, 14, 0.86499
91, 15, -1
91, 16, 0.949728
91, 17, 0.998786
91, 18, -1
91, 19, -1
91, 20, -1
91, 21, -1
91, 22, 0.749009
91, 23, 0.771352
91, 24, -1
91, 25, -1
91, 26, -1
91, 27, -1
91, 28, -0.0405251
91, 29, -1
91, 30, -1
91, 31, -1
91, 32, -1
91, 33, 0.878413
91, 34, 0.940853
91, 35, 0.789217
91, 36, 0.86058
91, 37, -1
91, 38, 0.954242
91, 39, 0.740163
91, 40, -1
91, 41, -0.00932313
91, 42, -1
91, 43, -1
91, 44, -1
91, 45, -0.107441
91, 46, -0.062821
91, 47, 0.387747
91, 48, 0.909667
91, 49, 0.766945
91, 50, 0.811549
91, 51, -1
91, 52, 0.677743
91, 53, -1
91, 54, -1
91, 55, 0.780298
91, 56, 0.793721
91, 57, 0.820485
91, 58, 0.967671
91, 59, 0.905233
91, 60, -1
91, 61, -1
91, 62, -1
91, 63, -1
91, 64, -1
91, 65, 0.597476
91, 66, 0.758019
91, 67, -1
91, 68, -1
91, 69, -1
91, 70, -1
91, 71, -1
91, 72, 0.811597
91, 73, 0.891885
91, 74, 0.923109
91, 75, 0.918651
91, 76, -1
91, 77, 0.847291
91, 78, -1
91, 79, 0.936502
91, 80, -0.11192
91, 81, -0.277026
91, 82, -1
91, 83, -0.223435
91, 84, -0.0672961
91, 85, -1
91, 86, -1
91, 87, 0.998965
91, 88, 0.976666
91, 89, 0.99897
91, 90, -1
91, 91, -1
91, 92, 0.90531
91, 93, -1
91, 94, 0.896394
91, 95, -1
91, 96, 0.789345
91, 97, 0.20043
91, 98, -1
91, 99, 0.811655
91, 100, 0.597496
91, 101, -1
91, 102, -0.0628211
91, 103, 0.245094
91, 104, -1
91, 105, -1
91, 106, 0.976711
91, 107, -1
91, 108, 0.900887
91, 109, -1
91, 110, 0.825061
91, 111, -1
91, 112, -1
91, 113, -1
91, 114, -1
91, 115, -1
91, 116, -0.0449619
91, 117, 0.111253
91, 118, 0.24507
91, 119, 0.646642
91, 120, 0.463691
91, 121, 0.45477
91, 122, -1
91, 123, 0.53958
91, 124, 0.628766
91, 125, 0.972298
91, 126, -1
91, 127, -1
91, 128, 0.807256
91, 129, -1
91, 130, -1
91, 131, -1
91, 132, -1
91, 133, -1
91, 134, -1
91, 135, -1
91, 136, -0.156468
91, 137, -1
91, 138, -1
91, 139, 0.695752
91, 140, -1
91, 141, 0.936651
91, 142, 0.905428
91, 143, -1
91, 144, 0.829596
91, 145, -1
91, 146, -1
91, 147, 0.847447
91, 148, -1
91, 149, -1
91, 150, -1
91, 151, -1
91, 152, -1
91, 153, -1
91, 154, -1
91, 155, -1
91, 156, -1
91, 157, -1
91, 158, -1
91, 159, -1
91, 160, -1
91, 161, 0.579796
91, 162, -1
91, 163, 0.976854
91, 164, -1
91, 165, -1
91, 166, 0.713649
91, 167, 0.851952
91, 168, -1
91, 169, 0.695769
91, 170, -1
91, 171, -1
91, 172, -1
91, 173, -1
91, 174, -1
91, 175, -1
91, 176, -1
91, 177, -1
91, 178, -1
91, 179, 0.303188
91, 180, 0.718098
91, 181, -1
91, 182, 0.905522
91, 183, -0.0627628
91, 184, 0.941217
91, 185, 0.901067
91, 186, 0.387936
91, 187, 0.887688
91, 188, 0.967994
91, 189, 0.909999
91, 190, 0.776158
91, 191, 0.789545
91, 192, -1
91, 193, -1
91, 194, -1
91, 195, -1
91, 196, 0.258546
91, 197, 0.88325
91, 198, -0.0314728
91, 199, 0.249665
91, 200, -1
91, 201, 0.798489
91, 202, 0.94126
91, 203, -1
91, 204, 0.753879
91, 205, 0.46832
91, 206, 0.200587
91, 207, 0.673573
91, 208, 0.628956
91, 209, -1
91, 210, 0.23629
91, 211, -1
91, 212, 0.905592
91, 213, -1
91, 214, -1
91, 215, -1
91, 216, -1
91, 217, -1
91, 218, -1
91, 219, 0.454955
91, 220, 0.718217
91, 221, 0.852073
91, 222, -1
91, 223, 0.838692
91, 224, -1
91, 225, -1
91, 226, -1
91, 227, 0.736078
91, 228, 0.472817
91, 229, 0.5576
91, 230, -1
91, 231, 0.303211
91, 232, 0.454974
91, 233, 0.910103
91, 234, 0.941338
91, 235, -1
91, 236, 0.753944
91, 237, 0.0176079
91, 238, -0.00916842
91, 239, -1
91, 240, 0.575427
91, 241, -1
91, 242, -1
91, 243, -1
91, 244, -1
91, 245, 0.825314
91, 246, -1
91, 247, -1
91, 248, -1
91, 249, -0.321577
91, 250, 0.307697
91, 251, -1
91, 252, -1
91, 253, 0.55764
91, 254, -1
91, 255, -1
91, 256, 0.597806
91, 257, -1
91, 258, 0.749527
91, 259, -1
91, 260, 0.620125
91, 261, 0.147052
91, 262, 0.968178
91, 263, 0.446054
91, 264, 0.861093
91, 265, -1
91, 266, -1
91, 267, -1
91, 268, 0.0667664
91, 269, 0.856642
91, 270, -1
91, 271, -1
91, 272, -1
91, 273, 0.91466
91, 274, -1
91, 275, 0.655851
91, 276, -1
91, 277, -1
91, 278, 0.709365
91, 279, -0.263499
91, 280, 0.829853
91, 281, -1
91, 282, -0.209978
91, 283, 0.954844
91, 284, 0.704955
91, 285, -1
91, 286, 0.0712453
91, 287, -1
91, 288, -1
91, 289, -1
91, 290, -1
91, 291, 0.580016
91, 292, 0.968253
91, 293, 0.883471
91, 294, -1
91, 295, 0.96826
91, 296, 0.901327
91, 297, -1
91, 298, 0.410403
91, 299, -1
91, 300, 0.263169
91, 301, 0.905801
91, 302, -1
91, 303, -1
91, 304, -1
91, 305, 0.562148
91, 306, 0.999524
91, 307, -1
91, 308, 0.365828
91, 309, -1
91, 310, -1
91, 311, -1
91, 312, 0.0533753
91, 313, -1
91, 314, 0.945995
91, 315, 0.789806
91, 316, 0.651463
91, 317, 0.709481
91, 318, 0.874603
91, 319, 0.57556
91, 320, 0.472915
91, 321, -1
91, 322, -1
91, 323, 0.0801645
91, 324, 0.883542
91, 325, -1
91, 326, 0.843382
91, 327, -1
91, 328, 0.950451
91, 329, -1
91, 330, -1
91, 331, 0.571158
91, 332, 0.919262
91, 333, 0.950504
91, 334, -1
91, 335, -1
91, 336, 0.843404
91, 337, 0.968365
91, 338, -1
91, 339, -1
91, 340, -1
91, 341, -1
91, 342, -0.0715753
91, 343, -1
91, 344, -1
91, 345, 0.727388
91, 346, -1
91, 347, -1
91, 348, 0.977318
91, 349, 0.794341
91, 350, 0.834509
91, 351, 0.937159
91, 352, 0.923773
91, 353, 0.937164
91, 354, 0.968407
91, 355, 0.401556
91, 356, 0.749725
91, 357, -1
91, 358, -1
91, 359, 0.879159
91, 360, -1
91, 361, 0.539966
91, 362, 0.156079
91, 363, -1
91, 364, -1
91, 365, 0.580142
91, 366, 0.879175
91, 367, 0.727431
91, 368, 0.874717
91, 369, -1
91, 370, -1
91, 371, -1
91, 372, -1
91, 373, -1
91, 374, 0.968457
91, 375, -1
91, 376, 0.6605
91, 377, -1
91, 378, 0.941647
91, 379, 0.999711
91, 380, -1
91, 381, -1
91, 382, 0.00433568
91, 383, 0.0891861
91, 384, -1
91, 385, 0.156142
91, 386, -0.30362
91, 387, -1
91, 388, -1
91, 389, 0.776572
91, 390, 0.90601
91, 391, -1
91, 392, 0.901552
91, 393, -1
91, 394, 0.548946
91, 395, -1
91, 396, 0.812293
91, 397, 0.776588
91, 398, -1
91, 399, 0.999762
92, 0, 0.780222
92, 1, 0.713325
92, 2, 0.882799
92, 3, -1
92, 4, 0.882803
92, 5, -1
92, 6, -1
92, 7, 0.387691
92, 8, 0.459062
92, 9, 0.374352
92, 10, -1
92, 11, 0.383236
92, 12, -1
92, 13, -0.0584241
92, 14, -1
92, 15, -1
92, 16, -0.00488193
92, 17, 0.891753
92, 18, -1
92, 19, -1
92, 20, -0.272594
92, 21, 0.905141
92, 22, -1
92, 23, 0.793609
92, 24, 0.86055
92, 25, -1
92, 26, -1
92, 27, 0.155741
92, 28, -0.201155
92, 29, -1
92, 30, -1
92, 31, -1
92, 32, -0.0449846
92, 33, 0.137942
92, 34, -1
92, 35, 0.0754425
92, 36, -1
92, 37, -1
92, 38, 0.829362
92, 39, 0.793683
92, 40, 0.967624
92, 41, -1
92, 42, -1
92, 43, -1
92, 44, -1
92, 45, -1
92, 46, -1
92, 47, -1
92, 48, -0.178833
92, 49, -1
92, 50, 0.713421
92, 51, -1
92, 52, 0.347643
92, 53, -1
92, 54, -1
92, 55, 0.0308433
92, 56, 0.68667
92, 57, -1
92, 58, 0.436872
92, 59, 0.775884
92, 60, 0.0219239
92, 61, 0.775888
92, 62, -1
92, 63, -1
92, 64, 0.789276
92, 65, -1
92, 66, 0.972148
92, 67, 0.204898
92, 68, 0.222705
92, 69, -0.263645
92, 70, -1
92, 71, -1
92, 72, -1
92, 73, 0.677741
92, 74, -1
92, 75, 0.0576311
92, 76, -1
92, 77, -1
92, 78, 0.303063
92, 79, 0.579655
92, 80, -1
92, 81, 0.998947
92, 82, 0.597463
92, 83, -1
92, 84, 0.111181
92, 85, 0.998957
92, 86, -1
92, 87, -1
92, 88, -1
92, 89, -1
92, 90, 0.432457
92, 91, -1
92, 92, -1
92, 93, 0.967755
92, 94, 0.874089
92, 95, 0.96776
92, 96, 0.945461
92, 97, 0.927622
92, 98, 0.686709
92, 99, 0.717977
92, 100, -1
92, 101, 0.998998
92, 102, 0.954397
92, 103, 0.584116
92, 104, -1
92, 105, 0.178169
92, 106, 0.61985
92, 107, 0.472593
92, 108, 0.445867
92, 109, 0.267408
92, 110, 0.793833
92, 111, -1
92, 112, 0.883052
92, 113, -1
92, 114, -1
92, 115, 0.96781
92, 116, -1
92, 117, 0.338763
92, 118, -1
92, 119, -1
92, 120, 0.695673
92, 121, 0.726902
92, 122, 0.967828
92, 123, 0.753712
92, 124, 0.927687
92, 125, 0.93215
92, 126, 0.999062
92, 127, -1
92, 128, 0.999067
92, 129, -1
92, 130, -1
92, 131, 0.816182
92, 132, 0.602051
92, 133, 0.914326
92, 134, 0.896485
92, 135, 0.878644
92, 136, 0.932176
92, 137, 0.892031
92, 138, 0.682324
92, 139, -1
92, 140, -1
92, 141, 0.227248
92, 142, -1
92, 143, 0.735908
92, 144, 0.999108
92, 145, -1
92, 146, 0.655612
92, 147, 0.985733
92, 148, -1
92, 149, 0.53958
92, 150, 0.950054
92, 151, 0.780496
92, 152, -1
92, 153, -1
92, 154, 0.851921
92, 155, 0.96791
92, 156, -1
92, 157, -1
92, 158, 0.999144
92, 159, -1
92, 160, -1
92, 161, 0.78948
92, 162, -1
92, 163, -1
92, 164, -1
92, 165, 0.918863
92, 166, 0.878715
92, 167, -1
92, 168, 0.370062
92, 169, -1
92, 170, -1
92, 171, -1
92, 172, -1
92, 173, -1
92, 174, 0.967957
92, 175, 0.967959
92, 176, 0.856431
92, 177, 0.124656
92, 178, 0.945661
92, 179, -1
92, 180, -1
92, 181, -1
92, 182, -1
92, 183, 0.941212
92, 184, -1
92, 185, -1
92, 186, -1
92, 187, -1
92, 188, -1
92, 189, -1
92, 190, -1
92, 191, -0.098419
92, 192, 0.798468
92, 193, 0.968004
92, 194, -1
92, 195, -1
92, 196, 0.606584
92, 197, 0.807402
92, 198, -1
92, 199, 0.825252
92, 200, -1
92, 201, -1
92, 202, 0.968026
92, 203, -1
92, 204, 0.347799
92, 205, -0.174278
92, 206, -1
92, 207, -1
92, 208, -1
92, 209, -1
92, 210, -1
92, 211, 0.767236
92, 212, -1
92, 213, -1
92, 214, -1
92, 215, -1
92, 216, -1
92, 217, 0.811906
92, 218, 0.704825
92, 219, -1
92, 220, 0.0711454
92, 221, 0.918996
92, 222, -1
92, 223, -1
92, 224, 0.637907
92, 225, -1
92, 226, -1
92, 227, -1
92, 228, -1
92, 229, -1
92, 230, 0.566524
92, 231, -1
92, 232, -1
92, 233, 0.968103
92, 234, -1
92, 235, 0.927953
92, 236, -1
92, 237, 0.593309
92, 238, -1
92, 239, 0.655783
92, 240, 0.99043
92, 241, 0.999356
92, 242, 0.856539
92, 243, 0.700371
92, 244, -1
92, 245, 0.463876
92, 246, 0.579938
92, 247, -1
92, 248, -1
92, 249, -1
92, 250, 0.155965
92, 251, 0.977072
92, 252, -1
92, 253, 0.945844
92, 254, 0.999389
92, 255, 0.410381
92, 256, 0.968161
92, 257, 0.722749
92, 258, 0.441623
92, 259, 0.843231
92, 260, -1
92, 261, 0.999407
92, 262, 0.968176
92, 263, 0.182755
92, 264, -1
92, 265, -0.272474
92, 266, -1
92, 267, -1
92, 268, -1
92, 269, 0.633526
92, 270, 0.307761
92, 271, -1
92, 272, 0.629029
92, 273, -1
92, 274, 0.968205
92, 275, -1
92, 276, -0.259078
92, 277, -1
92, 278, 0.624577
92, 279, 0.73618
92, 280, 0.27203
92, 281, -1
92, 282, 0.303313
92, 283, 0.138147
92, 284, 0.245298
92, 285, -1
92, 286, -1
92, 287, -1
92, 288, 0.0176488
92, 289, -1
92, 290, -1
92, 291, 0.861152
92, 292, 0.722818
92, 293, 0.82992
92, 294, -1
92, 295, 0.11138
92, 296, -1
92, 297, -1
92, 298, 0.10692
92, 299, 0.191719
92, 300, 0.530899
92, 301, -1
92, 302, 0.151554
92, 303, -1
92, 304, -1
92, 305, -1
92, 306, -0.000189328
92, 307, -1
92, 308, -1
92, 309, 0.428308
92, 310, 0.914745
92, 311, 0.459552
92, 312, -1
92, 313, 0.847814
92, 314, -1
92, 315, 0.187273
92, 316, 0.187314
92, 317, 0.164999
92, 318, 0.450636
92, 319, -1
92, 320, 0.682668
92, 321, 0.566677
92, 322, -1
92, 323, -1
92, 324, -0.143003
92, 325, -1
92, 326, 0.450648
92, 327, 0.517554
92, 328, -1
92, 329, -1
92, 330, -1
92, 331, 0.856739
92, 332, 0.437227
92, 333, -1
92, 334, -1
92, 335, 0.673811
92, 336, -1
92, 337, 0.602407
92, 338, 0.70948
92, 339, -1
92, 340, 0.807708
92, 341, -1
92, 342, -1
92, 343, 0.111425
92, 344, -1
92, 345, -1
92, 346, -1
92, 347, 0.160566
92, 348, -0.0670679
92, 349, 0.147178
92, 350, -1
92, 351, -1
92, 352, 0.950548
92, 353, 0.682771
92, 354, 0.892535
92, 355, -1
92, 356, -1
92, 357, -1
92, 358, -0.156373
92, 359, 0.999657
92, 360, -1
92, 361, -1
92, 362, -0.0938798
92, 363, 0.490831
92, 364, 0.111445
92, 365, 0.459632
92, 366, -0.0537046
92, 367, 0.660481
92, 368, -0.227746
92, 369, -1
92, 370, -1
92, 371, -1
92, 372, 0.718513
92, 373, -1
92, 374, -1
92, 375, -1
92, 376, -1
92, 377, 0.691743
92, 378, 0.758653
92, 379, 0.999708
92, 380, 0.81668
92, 381, 0.664971
92, 382, -1
92, 383, -1
92, 384, 0.468587
92, 385, 0.107042
92, 386, 0.968484
92, 387, -1
92, 388, 0.669407
92, 389, -1
92, 390, -1
92, 391, 0.749794
92, 392, -1
92, 393, -1
92, 394, 0.968504
92, 395, 0.571264
92, 396, -1
92, 397, 0.906024
92, 398, -1
92, 399, 0.785477
93, 0, 0.0307964
93, 1, -1
93, 2, 0.94077
93, 3, -1
93, 4, 0.900639
93, 5, 0.512582
93, 6, -1
93, 7, 0.753475
93, 8, 0.23156
93, 9, 0.91403
93, 10, 0.887275
93, 11, 0.905115
93, 12, -1
93, 13, 0.592882
93, 14, 0.659787
93, 15, 0.0352705
93, 16, 0.499258
93, 17, -1
93, 18, 0.463536
93, 19, -0.103038
93, 20, -1
93, 21, 0.583975
93, 22, -1
93, 23, -1
93, 24, 0.842709
93, 25, 0.503733
93, 26, 0.646469
93, 27, 0.905153
93, 28, -1
93, 29, 0.896238
93, 30, -1
93, 31, 0.762444
93, 32, 0.878406
93, 33, -1
93, 34, 0.485904
93, 35, 0.160209
93, 36, -0.187805
93, 37, 0.0888281
93, 38, -1
93, 39, 0.62415
93, 40, -1
93, 41, -0.125333
93, 42, -1
93, 43, -1
93, 44, 0.842753
93, 45, 0.700028
93, 46, 0.650925
93, 47, 0.829339
93, 48, 0.66431
93, 49, 0.847224
93, 50, 0.914127
93, 51, 0.758024
93, 52, -1
93, 53, 0.311913
93, 54, 0.74465
93, 55, 0.824937
93, 56, -1
93, 57, -1
93, 58, 0.00407416
93, 59, -1
93, 60, 0.905231
93, 61, 0.83833
93, 62, -0.183328
93, 63, -1
93, 64, 0.74467
93, 65, 0.686685
93, 66, -1
93, 67, 0.936468
93, 68, -1
93, 69, 0.918632
93, 70, -1
93, 71, -1
93, 72, 0.69562
93, 73, -1
93, 74, 0.432432
93, 75, 0.267326
93, 76, -1
93, 77, -1
93, 78, 0.811605
93, 79, 0.655487
93, 80, 0.807149
93, 81, -0.0940723
93, 82, -1
93, 83, -1
93, 84, 0.838381
93, 85, -1
93, 86, 0.508289
93, 87, 0.280725
93, 88, -1
93, 89, -1
93, 90, -1
93, 91, -1
93, 92, -1
93, 93, -1
93, 94, -1
93, 95, -1
93, 96, -1
93, 97, 0.76704
93, 98, -0.0360525
93, 99, -1
93, 100, 0.026418
93, 101, 0.842879
93, 102, -1
93, 103, -1
93, 104, 0.00415137
93, 105, -1
93, 106, -1
93, 107, -1
93, 108, -0.0895513
93, 109, -1
93, 110, -1
93, 111, 0.508288
93, 112, 0.41018
93, 113, -0.0672768
93, 114, 0.5351
93, 115, -1
93, 116, -1
93, 117, -1
93, 118, 0.597564
93, 119, -0.00926345
93, 120, 0.610951
93, 121, -1
93, 122, 0.999049
93, 123, 0.999052
93, 124, 0.240613
93, 125, 0.0085901
93, 126, -1
93, 127, -1
93, 128, -1
93, 129, -1
93, 130, -0.134201
93, 131, -1
93, 132, -1
93, 133, -1
93, 134, 0.245086
93, 135, 0.700202
93, 136, 0.941095
93, 137, -1
93, 138, -0.0717214
93, 139, 0.0175259
93, 140, -1
93, 141, -0.0226331
93, 142, -1
93, 143, 0.561916
93, 144, -1
93, 145, 0.593109
93, 146, -1
93, 147, 0.472692
93, 148, -0.0493618
93, 149, 0.343305
93, 150, -1
93, 151, 0.142478
93, 152, 0.191603
93, 153, 0.570856
93, 154, -1
93, 155, -1
93, 156, -1
93, 157, -1
93, 158, 0.691283
93, 159, 0.160335
93, 160, -1
93, 161, -1
93, 162, 0.847475
93, 163, 0.695754
93, 164, -1
93, 165, -1
93, 166, -1
93, 167, -1
93, 168, -1
93, 169, -1
93, 170, -1
93, 171, -1
93, 172, 0.410264
93, 173, -1
93, 174, -1
93, 175, 0.606586
93, 176, 0.807355
93, 177, -1
93, 178, 0.508393
93, 179, -1
93, 180, 0.999197
93, 181, 0.905515
93, 182, 0.646753
93, 183, -0.053839
93, 184, 0.106812
93, 185, 0.553022
93, 186, 0.00421715
93, 187, 0.151438
93, 188, -1
93, 189, -1
93, 190, 0.499528
93, 191, 0.579843
93, 192, -1
93, 193, 0.151485
93, 194, -1
93, 195, -1
93, 196, -1
93, 197, -1
93, 198, -1
93, 199, -1
93, 200, -1
93, 201, -1
93, 202, -1
93, 203, -1
93, 204, 0.142531
93, 205, -0.0716739
93, 206, 0.334454
93, 207, 0.423699
93, 208, -0.205557
93, 209, -1
93, 210, -1
93, 211, -1
93, 212, 0.0488647
93, 213, -1
93, 214, -1
93, 215, -1
93, 216, -1
93, 217, -1
93, 218, 0.0711428
93, 219, -1
93, 220, -1
93, 221, 0.227335
93, 222, -1
93, 223, -1
93, 224, -1
93, 225, -1
93, 226, -1
93, 227, 0.910084
93, 228, -1
93, 229, -1
93, 230, 0.535288
93, 231, -1
93, 232, -1
93, 233, -1
93, 234, -1
93, 235, -1
93, 236, -0.0314858
93, 237, 0.789638
93, 238, -0.165373
93, 239, 0.749444
93, 240, -1
93, 241, -1
93, 242, 0.722718
93, 243, 0.147032
93, 244, 0.566546
93, 245, 0.370204
93, 246, -1
93, 247, 0.490692
93, 248, 0.370168
93, 249, 0.820897
93, 250, -1
93, 251, -1
93, 252, -1
93, 253, -1
93, 254, -1
93, 255, -1
93, 256, -1
93, 257, -0.147509
93, 258, 0.816454
93, 259, 0.762911
93, 260, -1
93, 261, 0.334484
93, 262, -1
93, 263, 0.798576
93, 264, -1
93, 265, 0.343414
93, 266, 0.843245
93, 267, 0.762927
93, 268, 0.280941
93, 269, -1
93, 270, -1
93, 271, -1
93, 272, -1
93, 273, -0.151922
93, 274, -0.267966
93, 275, -1
93, 276, -0.156424
93, 277, -1
93, 278, 0.504127
93, 279, -1
93, 280, 0.97268
93, 281, 0.620118
93, 282, 0.664745
93, 283, 0.874518
93, 284, 0.981614
93, 285, 0.878985
93, 286, 0.633515
93, 287, 0.620129
93, 288, 0.945926
93, 289, -1
93, 290, -1
93, 291, -1
93, 292, 0.722816
93, 293, 0.160511
93, 294, 0.0756735
93, 295, -1
93, 296, -1
93, 297, 0.499654
93, 298, 0.267587
93, 299, -1
93, 300, 0.48627
93, 301, 0.825472
93, 302, 0.455034
93, 303, 0.937038
93, 304, -0.0849935
93, 305, -1
93, 306, 0.825483
93, 307, 0.673757
93, 308, -1
93, 309, 0.96829
93, 310, 0.879043
93, 311, 0.638022
93, 312, 0.76302
93, 313, -1
93, 314, -1
93, 315, 0.120324
93, 316, 0.696087
93, 317, 0.66485
93, 318, 0.968312
93, 319, 0.928111
93, 320, 0.999555
93, 321, -1
93, 322, 0.727338
93, 323, -1
93, 324, 0.905851
93, 325, -1
93, 326, -1
93, 327, 0.62024
93, 328, 0.874621
93, 329, -1
93, 330, 0.852312
93, 331, 0.838926
93, 332, -1
93, 333, -1
93, 334, 0.477396
93, 335, -1
93, 336, -1
93, 337, -1
93, 338, -1
93, 339, -1
93, 340, 0.00430038
93, 341, 0.343512
93, 342, 0.316734
93, 343, -1
93, 344, 0.829989
93, 345, -1
93, 346, -1
93, 347, -1
93, 348, 0.937147
93, 349, 0.968389
93, 350, 0.682763
93, 351, 0.834467
93, 352, -1
93, 353, 0.89253
93, 354, 0.941624
93, 355, 0.914849
93, 356, 0.74968
93, 357, 0.941632
93, 358, 0.937171
93, 359, -1
93, 360, 0.865768
93, 361, 0.919326
93, 362, 0.687209
93, 363, -1
93, 364, -0.0670975
93, 365, -1
93, 366, 0.905949
93, 367, 0.423886
93, 368, -1
93, 369, 0.874715
93, 370, 0.597959
93, 371, 0.767563
93, 372, -1
93, 373, 0.910429
93, 374, -1
93, 375, 0.999696
93, 376, -1
93, 377, 0.892586
93, 378, 0.999703
93, 379, -1
93, 380, 0.36588
93, 381, -1
93, 382, -1
93, 383, -1
93, 384, 0.772094
93, 385, -1
93, 386, 0.19185
93, 387, -1
93, 388, -1
93, 389, -1
93, 390, -1
93, 391, -1
93, 392, 0.73194
93, 393, 0.740869
93, 394, 0.923868
93, 395, 0.151646
93, 396, 0.941686
93, 397, 0.923875
93, 398, 0.968511
93, 399, 0.93727
94, 0, -0.0539734
94, 1, -1
94, 2, -1
94, 3, 0.633004
94, 4, 0.52596
94, 5, -1
94, 6, -1
94, 7, -1
94, 8, 0.289552
94, 9, 0.27621
94, 10, -1
94, 11, 0.847137
94, 12, -1
94, 13, -0.192281
94, 14, -1
94, 15, 0.922961
94, 16, -1
94, 17, 0.476915
94, 18, 0.967564
94, 19, -0.210125
94, 20, 0.949731
94, 21, 0.802521
94, 22, 0.450159
94, 23, 0.52153
94, 24, -1
94, 25, -1
94, 26, 0.387714
94, 27, 0.115627
94, 28, 0.200393
94, 29, -1
94, 30, -1
94, 31, -1
94, 32, -1
94, 33, -1
94, 34, 0.753487
94, 35, 0.606299
94, 36, -1
94, 37, 0.070981
94, 38, 0.682172
94, 39, 0.740157
94, 40, 0.963159
94, 41, 0.878424
94, 42, 0.646456
94, 43, 0.659879
94, 44, 0.419005
94, 45, 0.298559
94, 46, 0.633122
94, 47, 0.240565
94, 48, 0.240566
94, 49, -1
94, 50, -1
94, 51, 0.650973
94, 52, 0.521576
94, 53, 0.766907
94, 54, -1
94, 55, -1
94, 56, 0.472513
94, 57, -1
94, 58, 0.253921
94, 59, -1
94, 60, 0.918608
94, 61, 0.673254
94, 62, 0.124543
94, 63, 0.427954
94, 64, 0.191509
94, 65, 0.0665844
94, 66, -1
94, 67, -0.0181886
94, 68, 0.204897
94, 69, -1
94, 70, -1
94, 71, 0.494881
94, 72, 0.856194
94, 73, -1
94, 74, 0.280708
94, 75, -0.187743
94, 76, -1
94, 77, 0.472585
94, 78, -1
94, 79, -1
94, 80, 0.874053
94, 81, 0.343176
94, 82, 0.588578
94, 83, -1
94, 84, 0.588582
94, 85, 0.387835
94, 86, -1
94, 87, -1
94, 88, -1
94, 89, 0.396763
94, 90, -1
94, 91, 0.954365
94, 92, 0.619782
94, 93, -0.143109
94, 94, 0.3655
94, 95, -1
94, 96, -1
94, 97, 0.352119
94, 98, 0.120116
94, 99, -1
94, 100, 0.0621131
94, 101, 0.914245
94, 102, -1
94, 103, -1
94, 104, 0.436935
94, 105, -1
94, 106, -0.0137366
94, 107, -1
94, 108, -1
94, 109, -1
94, 110, -1
94, 111, 0.401254
94, 112, -1
94, 113, -1
94, 114, -0.111859
94, 115, -1
94, 116, 0.0889396
94, 117, -1
94, 118, -1
94, 119, 0.829494
94, 120, -1
94, 121, 0.19599
94, 122, 0.0175112
94, 123, -1
94, 124, 0.262961
94, 125, 0.262962
94, 126, -1
94, 127, -1
94, 128, -1
94, 129, 0.459279
94, 130, -1
94, 131, -1
94, 132, -0.0761484
94, 133, -0.0449113
94, 134, -1
94, 135, -1
94, 136, -1
94, 137, -1
94, 138, -0.0806469
94, 139, -1
94, 140, 0.887573
94, 141, 0.539564
94, 142, 0.303099
94, 143, 0.923267
94, 144, -1
94, 145, -1
94, 146, 0.200519
94, 147, -1
94, 148, -1
94, 149, -0.245755
94, 150, -0.044939
94, 151, 0.967895
94, 152, -1
94, 153, -1
94, 154, -1
94, 155, -1
94, 156, -1
94, 157, -1
94, 158, -1
94, 159, -1
94, 160, -1
94, 161, -1
94, 162, 0.76271
94, 163, 0.811786
94, 164, 0.526256
94, 165, -1
94, 166, 0.517336
94, 167, -0.111865
94, 168, 0.196081
94, 169, -1
94, 170, 0.356677
94, 171, -1
94, 172, -1
94, 173, -1
94, 174, -0.125208
94, 175, 0.530736
94, 176, -1
94, 177, -1
94, 178, 0.72255
94, 179, -1
94, 180, 0.985811
94, 181, -1
94, 182, -1
94, 183, -0.0761528
94, 184, 0.633329
94, 185, 0.503981
94, 186, 0.258571
94, 187, 0.21395
94, 188, -0.0359856
94, 189, -1
94, 190, 0.691342
94, 191, -1
94, 192, -1
94, 193, -1
94, 194, 0.593192
94, 195, 0.508458
94, 196, 0.637853
94, 197, 0.218383
94, 198, 0.0621991
94, 199, 0.628895
94, 200, 0.709208
94, 201, 0.508427
94, 202, 0.691365
94, 203, -1
94, 204, 0.164842
94, 205, -0.125228
94, 206, -1
94, 207, -1
94, 208, 0.606642
94, 209, 0.69588
94, 210, 0.941272
94, 211, -1
94, 212, -1
94, 213, -1
94, 214, -0.098445
94, 215, 0.566496
94, 216, -1
94, 217, -1
94, 218, -1
94, 219, 0.29873
94, 220, -1
94, 221, 0.901145
94, 222, 0.18271
94, 223, -1
94, 224, 0.771761
94, 225, -1
94, 226, 0.472769
94, 227, -0.0270306
94, 228, -1
94, 229, 0.624527
94, 230, 0.914551
94, 231, -0.00471347
94, 232, -1
94, 233, -1
94, 234, -0.205543
94, 235, 0.67362
94, 236, 0.579877
94, 237, 0.356764
94, 238, -1
94, 239, -1
94, 240, 0.745022
94, 241, 0.463867
94, 242, -1
94, 243, -1
94, 244, 0.664713
94, 245, -0.0448685
94, 246, 0.771806
94, 247, -1
94, 248, 0.147036
94, 249, 0.776275
94, 250, -1
94, 251, -1
94, 252, -1
94, 253, -1
94, 254, -1
94, 255, -1
94, 256, -1
94, 257, 0.633501
94, 258, -0.3305
94, 259, -1
94, 260, 0.999399
94, 261, -1
94, 262, 0.606736
94, 263, 0.780766
94, 264, -1
94, 265, -0.18321
94, 266, 0.441632
94, 267, 0.370232
94, 268, 0.361268
94, 269, -1
94, 270, 0.539813
94, 271, -1
94, 272, -0.303674
94, 273, 0.0845797
94, 274, -1
94, 275, 0.325575
94, 276, -1
94, 277, 0.669236
94, 278, -1
94, 279, -0.0269909
94, 280, -1
94, 281, -1
94, 282, 0.588921
94, 283, 0.838818
94, 284, 0.370214
94, 285, 0.383644
94, 286, 0.704953
94, 287, 0.361293
94, 288, 0.513026
94, 289, 0.861143
94, 290, -0.0403317
94, 291, -1
94, 292, 0.106953
94, 293, 0.633566
94, 294, -1
94, 295, -1
94, 296, 0.691584
94, 297, 0.602334
94, 298, 0.66035
94, 299, -1
94, 300, 0.691552
94, 301, 0.0667526
94, 302, 0.0979953
94, 303, -1
94, 304, 0.669287
94, 305, -0.0403608
94, 306, -1
94, 307, 0.606815
94, 308, 0.883498
94, 309, 0.37471
94, 310, -1
94, 311, -1
94, 312, 0.276569
94, 313, 0.3212
94, 314, -1
94, 315, 0.486332
94, 316, 0.263144
94, 317, -0.272449
94, 318, 0.343481
94, 319, -1
94, 320, 0.432744
94, 321, -1
94, 322, -1
94, 323, -1
94, 324, 0.771968
94, 325, 0.593457
94, 326, -1
94, 327, -1
94, 328, -1
94, 329, 0.48189
94, 330, 0.80322
94, 331, 0.236423
94, 332, -1
94, 333, -1
94, 334, 0.0489284
94, 335, 0.419417
94, 336, -0.147461
94, 337, 0.499755
94, 338, 0.486327
94, 339, -1
94, 340, -1
94, 341, 0.709482
94, 342, -1
94, 343, 0.236436
94, 344, -0.218873
94, 345, -1
94, 346, 0.164986
94, 347, 0.41497
94, 348, 0.459563
94, 349, 0.968387
94, 350, 0.780947
94, 351, 0.57565
94, 352, -1
94, 353, 0.312284
94, 354, 0.214132
94, 355, 0.539951
94, 356, 0.133753
94, 357, -1
94, 358, -1
94, 359, 0.165
94, 360, 0.624719
94, 361, 0.714024
94, 362, -1
94, 363, 0.379246
94, 364, 0.602451
94, 365, 0.223031
94, 366, -1
94, 367, 0.830077
94, 368, -1
94, 369, 0.79884
94, 370, -1
94, 371, -1
94, 372, -1
94, 373, -1
94, 374, 0.285569
94, 375, 0.54887
94, 376, -1
94, 377, -1
94, 378, 0.0311118
94, 379, -0.00906003
94, 380, -1
94, 381, -1
94, 382, -1
94, 383, -1
94, 384, -1
94, 385, 0.611414
94, 386, 0.598026
94, 387, 0.999724
94, 388, 0.995223
94, 389, 0.727469
94, 390, 0.557862
94, 391, -1
94, 392, -1
94, 393, 0.410572
94, 394, -0.303658
94, 395, -1
94, 396, 0.111473
94, 397, 0.56676
94, 398, -1
94, 399, 0.678391
95, 0, -1
95, 1, 0.971979
95, 2, -1
95, 3, -1
95, 4, -1
95, 5, 0.998745
95, 6, 0.967532
95, 7, -1
95, 8, -1
95, 9, -1
95, 10, 0.677617
95, 11, 0.847135
95, 12, -1
95, 13, 0.691043
95, 14, 0.757945
95, 15, 0.191416
95, 16, -1
95, 17, -0.103041
95, 18, 0.900668
95, 19, 0.914049
95, 20, -1
95, 21, 0.624114
95, 22, 0.69548
95, 23, 0.0977363
95, 24, -0.0405714
95, 25, -1
95, 26, -1
95, 27, -1
95, 28, 0.704452
95, 29, 0.793656
95, 30, 0.873896
95, 31, 0.642014
95, 32, 0.731221
95, 33, 0.476938
95, 34, -1
95, 35, 0.615218
95, 36, -1
95, 37, -1
95, 38, 0.120058
95, 39, 0.838277
95, 40, 0.82936
95, 41, -1
95, 42, 0.856124
95, 43, 0.740163
95, 44, 0.610774
95, 45, 0.476956
95, 46, -1
95, 47, 0.503764
95, 48, -1
95, 49, 0.383283
95, 50, -1
95, 51, 0.410092
95, 52, -1
95, 53, -1
95, 54, -1
95, 55, 0.115612
95, 56, 0.548386
95, 57, -1
95, 58, -1
95, 59, 0.998883
95, 60, -1
95, 61, 0.874007
95, 62, -1
95, 63, 0.878472
95, 64, -1
95, 65, -1
95, 66, -1
95, 67, 0.383348
95, 68, 0.593013
95, 69, 0.931967
95, 70, 0.329817
95, 71, 0.035316
95, 72, 0.316436
95, 73, 0.298551
95, 74, -1
95, 75, -1
95, 76, -1
95, 77, -1
95, 78, 0.869546
95, 79, -1
95, 80, 0.106713
95, 81, -1
95, 82, -1
95, 83, 0.182564
95, 84, -1
95, 85, -1
95, 86, 0.503825
95, 87, 0.298609
95, 88, -1
95, 89, -1
95, 90, -1
95, 91, 0.320921
95, 92, -0.0717554
95, 93, -1
95, 94, 0.499336
95, 95, -0.236858
95, 96, -1
95, 97, 0.289658
95, 98, -0.0137436
95, 99, -1
95, 100, 0.731356
95, 101, -1
95, 102, -1
95, 103, 0.378895
95, 104, -1
95, 105, 0.0353446
95, 106, -1
95, 107, 0.271823
95, 108, -1
95, 109, -1
95, 110, -1
95, 111, 0.370023
95, 112, -1
95, 113, -1
95, 114, -1
95, 115, 0.637705
95, 116, -1
95, 117, 0.999031
95, 118, -0.241309
95, 119, -1
95, 120, 0.869681
95, 121, 0.102289
95, 122, 0.83846
95, 123, -1
95, 124, -1
95, 125, -1
95, 126, -1
95, 127, -1
95, 128, 0.436928
95, 129, -1
95, 130, 0.55743
95, 131, 0.120146
95, 132, -1
95, 133, -1
95, 134, 0.494977
95, 135, -0.299315
95, 136, 0.530631
95, 137, -1
95, 138, -1
95, 139, 0.999087
95, 140, 0.767124
95, 141, -0.205596
95, 142, 0.227245
95, 143, 0.780513
95, 144, -1
95, 145, -1
95, 146, -1
95, 147, -1
95, 148, -1
95, 149, 0.169247
95, 150, -1
95, 151, 0.552963
95, 152, 0.923286
95, 153, 0.602082
95, 154, 0.0889734
95, 155, -1
95, 156, -1
95, 157, 0.93668
95, 158, -1
95, 159, -1
95, 160, -0.160959
95, 161, 0.843008
95, 162, 0.905465
95, 163, 0.129102
95, 164, -1
95, 165, -1
95, 166, 0.780561
95, 167, -0.134178
95, 168, 0.428062
95, 169, 0.521801
95, 170, -1
95, 171, -1
95, 172, -1
95, 173, 0.280825
95, 174, -1
95, 175, -1
95, 176, 0.405764
95, 177, -1
95, 178, -0.0984701
95, 179, 0.111268
95, 180, 0.892124
95, 181, -0.281442
95, 182, -1
95, 183, 0.651172
95, 184, -1
95, 185, 0.878752
95, 186, 0.321
95, 187, 0.798451
95, 188, 0.271919
95, 189, -0.152015
95, 190, -1
95, 191, 0.936763
95, 192, -1
95, 193, -1
95, 194, -1
95, 195, -0.11631
95, 196, 0.544153
95, 197, 0.999236
95, 198, 0.834167
95, 199, -1
95, 200, 0.0488123
95, 201, 0.722633
95, 202, -1
95, 203, -1
95, 204, -1
95, 205, -1
95, 206, -1
95, 207, 0.856494
95, 208, -0.143078
95, 209, 0.213933
95, 210, -1
95, 211, -1
95, 212, 0.539717
95, 213, -1
95, 214, -1
95, 215, -0.254647
95, 216, 0.512952
95, 217, 0.78513
95, 218, -1
95, 219, -1
95, 220, -1
95, 221, -1
95, 222, 0.499575
95, 223, 0.749407
95, 224, -1
95, 225, 0.570933
95, 226, 0.695911
95, 227, -1
95, 228, -1
95, 229, -0.192158
95, 230, -1
95, 231, -0.0225655
95, 232, -1
95, 233, -1
95, 234, -1
95, 235, -1
95, 236, -1
95, 237, 0.218426
95, 238, 0.570995
95, 239, 0.0399202
95, 240, 0.887801
95, 241, 0.936883
95, 242, -0.276949
95, 243, 0.874382
95, 244, 0.798572
95, 245, 0.731644
95, 246, 0.254136
95, 247, -0.102886
95, 248, -1
95, 249, 0.526391
95, 250, -1
95, 251, -0.187682
95, 252, 0.566516
95, 253, 0.749508
95, 254, 0.615645
95, 255, 0.584411
95, 256, -1
95, 257, -1
95, 258, 0.914615
95, 259, -1
95, 260, 0.977087
95, 261, 0.856615
95, 262, 0.914624
95, 263, 0.941399
95, 264, 0.807539
95, 265, -1
95, 266, 0.544268
95, 267, -1
95, 268, 0.0488708
95, 269, 0.490682
95, 270, -1
95, 271, -1
95, 272, -1
95, 273, 0.280944
95, 274, -1
95, 275, 0.339002
95, 276, -1
95, 277, 0.910198
95, 278, -1
95, 279, 0.0622692
95, 280, 0.682587
95, 281, -0.308174
95, 282, 0.749567
95, 283, -1
95, 284, -1
95, 285, 0.325587
95, 286, 0.919143
95, 287, -1
95, 288, 0.446125
95, 289, -1
95, 290, 0.0488897
95, 291, 0.481791
95, 292, -1
95, 293, 0.0622815
95, 294, -1
95, 295, 0.495225
95, 296, 0.00426347
95, 297, -1
95, 298, 0.521966
95, 299, 0.879013
95, 300, 0.156012
95, 301, -1
95, 302, -1
95, 303, 0.678168
95, 304, 0.602305
95, 305, -1
95, 306, -1
95, 307, -0.151943
95, 308, 0.276563
95, 309, -0.0448218
95, 310, 0.704997
95, 311, -1
95, 312, 0.231897
95, 313, 0.464013
95, 314, -1
95, 315, 0.370254
95, 316, -1
95, 317, 0.789802
95, 318, 0.852281
95, 319, 0.843358
95, 320, -1
95, 321, 0.281001
95, 322, -1
95, 323, -1
95, 324, 0.932622
95, 325, -1
95, 326, 0.307786
95, 327, 0.276586
95, 328, 0.263197
95, 329, -1
95, 330, 0.209642
95, 331, -0.223344
95, 332, -1
95, 333, -0.192098
95, 334, 0.42834
95, 335, 0.606821
95, 336, -1
95, 337, -0.20995
95, 338, -1
95, 339, -1
95, 340, 0.258708
95, 341, 0.852292
95, 342, 0.874648
95, 343, -1
95, 344, -1
95, 345, 0.75862
95, 346, 0.178375
95, 347, 0.24983
95, 348, -1
95, 349, -1
95, 350, -1
95, 351, 0.0355518
95, 352, 0.0757236
95, 353, 0.209626
95, 354, -1
95, 355, 0.81666
95, 356, -1
95, 357, -1
95, 358, 0.999647
95, 359, 0.950558
95, 360, -1
95, 361, -1
95, 362, -1
95, 363, -1
95, 364, 0.142687
95, 365, 0.767587
95, 366, 0.428345
95, 367, -0.0894148
95, 368, 0.531044
95, 369, -1
95, 370, -0.205468
95, 371, -1
95, 372, 0.303379
95, 373, -1
95, 374, -1
95, 375, 0.999691
95, 376, 0.914894
95, 377, 0.147163
95, 378, 0.754184
95, 379, -1
95, 380, 0.589047
95, 381, 0.758694
95, 382, 0.236439
95, 383, 0.825647
95, 384, -1
95, 385, -0.0358381
95, 386, 0.856896
95, 387, -1
95, 388, -1
95, 389, -1
95, 390, 0.772102
95, 391, -1
95, 392, -0.165282
95, 393, 0.906008
95, 394, -1
95, 395, 0.691731
95, 396, 0.111472
95, 397, 0.397145
95, 398, -1
95, 399, -0.245626
96, 0, 0.909542
96, 1, -1
96, 2, 0.762338
96, 3, 0.378759
96, 4, -1
96, 5, -1
96, 6, 0.463554
96, 7, -1
96, 8, 0.967534
96, 9, 0.967537
96, 10, -1
96, 11, 0.909568
96, 12, -1
96, 13, 0.258328
96, 14, 0.588458
96, 15, -1
96, 16, -1
96, 17, -1
96, 18, -1
96, 19, -0.210127
96, 20, -1
96, 21, 0.699976
96, 22, -1
96, 23, 0.508145
96, 24, 0.39667
96, 25, -1
96, 26, 0.222695
96, 27, -1
96, 28, -1
96, 29, 0.967586
96, 30, -1
96, 31, 0.905155
96, 32, -1
96, 33, -1
96, 34, -1
96, 35, -1
96, 36, 0.798088
96, 37, 0.829351
96, 38, 0.664327
96, 39, -1
96, 40, 0.749076
96, 41, -1
96, 42, -1
96, 43, -1
96, 44, 0.0620622
96, 45, -1
96, 46, -1
96, 47, 0.624159
96, 48, 0.958714
96, 49, 0.33425
96, 50, 0.949799
96, 51, 0.905202
96, 52, 0.137956
96, 53, -1
96, 54, -1
96, 55, -1
96, 56, -1
96, 57, -1
96, 58, 0.0263807
96, 59, -1
96, 60, -1
96, 61, -1
96, 62, 0.740199
96, 63, 0.88293
96, 64, -1
96, 65, -1
96, 66, 0.178124
96, 67, -1
96, 68, 0.00412009
96, 69, 0.606396
96, 70, -1
96, 71, 0.92309
96, 72, -1
96, 73, -1
96, 74, -1
96, 75, -1
96, 76, -0.165472
96, 77, -1
96, 78, -1
96, 79, 0.64656
96, 80, -1
96, 81, -1
96, 82, 0.209332
96, 83, 0.00413212
96, 84, -1
96, 85, -1
96, 86, -1
96, 87, -1
96, 88, 0.896369
96, 89, 0.932053
96, 90, 0.99896
96, 91, -1
96, 92, -0.285908
96, 93, -1
96, 94, -1
96, 95, -1
96, 96, 0.535067
96, 97, -1
96, 98, -0.138685
96, 99, 0.374426
96, 100, 0.949921
96, 101, 0.762581
96, 102, -1
96, 103, 0.597493
96, 104, -1
96, 105, 0.137968
96, 106, -1
96, 107, 0.847306
96, 108, 0.967783
96, 109, 0.936562
96, 110, -1
96, 111, 0.891962
96, 112, 0.0710862
96, 113, -1
96, 114, 0.494944
96, 115, -1
96, 116, -1
96, 117, 0.6957
96, 118, 0.64217
96, 119, 0.343222
96, 120, -1
96, 121, 0.530646
96, 122, -1
96, 123, 0.905371
96, 124, -1
96, 125, 0.561841
96, 126, -1
96, 127, 0.834008
96, 128, 0.967832
96, 129, 0.999059
96, 130, -1
96, 131, 0.584197
96, 132, -1
96, 133, -1
96, 134, -1
96, 135, -1
96, 136, 0.222816
96, 137, -1
96, 138, -1
96, 139, -1
96, 140, 0.378943
96, 141, -1
96, 142, -1
96, 143, 0.677905
96, 144, 0.673446
96, 145, -1
96, 146, 0.967877
96, 147, -1
96, 148, -1
96, 149, 0.936659
96, 150, 0.972348
96, 151, -1
96, 152, -1
96, 153, -1
96, 154, -0.102909
96, 155, -1
96, 156, -0.0672483
96, 157, -1
96, 158, 0.945602
96, 159, -1
96, 160, 0.682398
96, 161, -1
96, 162, 0.575327
96, 163, 0.459286
96, 164, -1
96, 165, 0.780517
96, 166, -1
96, 167, 0.941163
96, 168, -1
96, 169, 0.633339
96, 170, 0.999164
96, 171, 0.834105
96, 172, 0.771649
96, 173, -1
96, 174, -1
96, 175, -1
96, 176, 0.588736
96, 177, 0.481656
96, 178, 0.535159
96, 179, 0.905503
96, 180, -0.299295
96, 181, 0.709207
96, 182, 0.611054
96, 183, -1
96, 184, 0.526285
96, 185, 0.744907
96, 186, -1
96, 187, -1
96, 188, -1
96, 189, 0.477213
96, 190, 0.967987
96, 191, 0.771689
96, 192, 0.883227
96, 193, -1
96, 194, -1
96, 195, -0.205526
96, 196, 0.151485
96, 197, 0.722623
96, 198, -1
96, 199, 0.512923
96, 200, -0.0225901
96, 201, 0.794017
96, 202, -1
96, 203, -1
96, 204, -1
96, 205, 0.321022
96, 206, 0.249627
96, 207, -1
96, 208, -1
96, 209, 0.620026
96, 210, 0.811883
96, 211, 0.936809
96, 212, -1
96, 213, -1
96, 214, -1
96, 215, -0.0136128
96, 216, -1
96, 217, 0.820821
96, 218, -1
96, 219, -1
96, 220, -1
96, 221, 0.31658
96, 222, -1
96, 223, 0.999299
96, 224, 0.115772
96, 225, -1
96, 226, -1
96, 227, -1
96, 228, 0.196142
96, 229, 0.637909
96, 230, -1
96, 231, -1
96, 232, -1
96, 233, -1
96, 234, -1
96, 235, -1
96, 236, 0.553141
96, 237, 0.437084
96, 238, 0.646849
96, 239, -1
96, 240, -1
96, 241, -1
96, 242, 0.160416
96, 243, -1
96, 244, 0.54423
96, 245, -1
96, 246, -1
96, 247, -1
96, 248, -0.01805
96, 249, -1
96, 250, 0.968136
96, 251, 0.999371
96, 252, -1
96, 253, -1
96, 254, -1
96, 255, -1
96, 256, -1
96, 257, -1
96, 258, -1
96, 259, 0.51744
96, 260, 0.629
96, 261, -1
96, 262, 0.147048
96, 263, 0.316673
96, 264, -1
96, 265, -1
96, 266, -1
96, 267, -0.285824
96, 268, 0.196185
96, 269, -1
96, 270, 0.99942
96, 271, 0.789703
96, 272, -1
96, 273, -1
96, 274, -1
96, 275, -0.0314182
96, 276, 0.397017
96, 277, -1
96, 278, 0.709396
96, 279, -1
96, 280, -1
96, 281, 0.571025
96, 282, -1
96, 283, 0.905747
96, 284, -1
96, 285, 0.14707
96, 286, 0.169427
96, 287, -1
96, 288, 0.155999
96, 289, 0.972695
96, 290, 0.950386
96, 291, 0.945926
96, 292, 0.321172
96, 293, 0.138193
96, 294, 0.553237
96, 295, 0.339027
96, 296, 0.999486
96, 297, -1
96, 298, -1
96, 299, 0.303288
96, 300, 0.499694
96, 301, 0.85224
96, 302, -1
96, 303, -1
96, 304, 0.187257
96, 305, -1
96, 306, -0.0582146
96, 307, -1
96, 308, -1
96, 309, -1
96, 310, -1
96, 311, -1
96, 312, 0.905815
96, 313, -1
96, 314, -1
96, 315, 0.481866
96, 316, 0.602364
96, 317, 0.687118
96, 318, 0.615756
96, 319, -1
96, 320, -1
96, 321, -1
96, 322, 0.981702
96, 323, 0.85229
96, 324, 0.530932
96, 325, -1
96, 326, 0.156038
96, 327, -1
96, 328, -1
96, 329, -1
96, 330, 0.968335
96, 331, -1
96, 332, -1
96, 333, 0.852312
96, 334, -1
96, 335, -1
96, 336, -1
96, 337, 0.580045
96, 338, -1
96, 339, -1
96, 340, 0.571124
96, 341, 0.928197
96, 342, -1
96, 343, -1
96, 344, 0.852337
96, 345, -1
96, 346, -1
96, 347, -1
96, 348, 0.785402
96, 349, 0.968382
96, 350, -1
96, 351, -1
96, 352, 0.919298
96, 353, 0.905912
96, 354, 0.97732
96, 355, 0.0400178
96, 356, -1
96, 357, 0.0534099
96, 358, 0.129289
96, 359, -1
96, 360, 0.709515
96, 361, 0.972875
96, 362, -1
96, 363, 0.397097
96, 364, -1
96, 365, -1
96, 366, 0.298947
96, 367, -1
96, 368, 0.414957
96, 369, -1
96, 370, -1
96, 371, -1
96, 372, 0.740821
96, 373, 0.905959
96, 374, 0.968444
96, 375, -1
96, 376, 0.67388
96, 377, -1
96, 378, -0.125117
96, 379, -1
96, 380, 0.812248
96, 381, -1
96, 382, -1
96, 383, 0.620293
96, 384, 0.397166
96, 385, -1
96, 386, -0.267952
96, 387, -0.116184
96, 388, -1
96, 389, 0.664978
96, 390, -1
96, 391, 0.647128
96, 392, -1
96, 393, -1
96, 394, -1
96, 395, 0.97296
96, 396, -1
96, 397, -1
96, 398, 0.999747
96, 399, 0.0132728
97, 0, 0.699934
97, 1, 0.949677
97, 2, 0.887247
97, 3, -1
97, 4, -1
97, 5, 0.856037
97, 6, -1
97, 7, 0.909556
97, 8, 0.869422
97, 9, -0.277064
97, 10, -1
97, 11, 0.668735
97, 12, 0.347544
97, 13, -1
97, 14, 0.289555
97, 15, -1
97, 16, -1
97, 17, 0.864983
97, 18, 0.998773
97, 19, 0.731191
97, 20, 0.570585
97, 21, 0.722235
97, 22, 0.677635
97, 23, 0.851617
97, 24, -0.250914
97, 25, 0.757923
97, 26, -0.161041
97, 27, -1
97, 28, 0.530495
97, 29, -1
97, 30, 0.280652
97, 31, -1
97, 32, 0.316383
97, 33, 0.517121
97, 34, -1
97, 35, 0.905162
97, 36, 0.115592
97, 37, -1
97, 38, -1
97, 39, -1
97, 40, 0.628605
97, 41, 0.958694
97, 42, -1
97, 43, 0.905181
97, 44, -1
97, 45, -1
97, 46, -1
97, 47, 0.00852386
97, 48, -1
97, 49, 0.33871
97, 50, -1
97, 51, 0.356557
97, 52, -1
97, 53, -0.134252
97, 54, -1
97, 55, -1
97, 56, 0.579607
97, 57, -1
97, 58, -1
97, 59, -1
97, 60, -0.125324
97, 61, -0.0182358
97, 62, 0.526048
97, 63, 0.673292
97, 64, -1
97, 65, 0.325307
97, 66, -0.129782
97, 67, 0.00407817
97, 68, 0.539481
97, 69, 0.441342
97, 70, 0.164743
97, 71, -1
97, 72, 0.102241
97, 73, 0.588558
97, 74, -1
97, 75, 0.419045
97, 76, -1
97, 77, -1
97, 78, 0.606409
97, 79, -1
97, 80, 0.146866
97, 81, 0.784841
97, 82, -1
97, 83, -0.0673011
97, 84, 0.802689
97, 85, -1
97, 86, -1
97, 87, 0.0755249
97, 88, -0.0182149
97, 89, -1
97, 90, -1
97, 91, 0.258458
97, 92, -0.174388
97, 93, -1
97, 94, 0.111186
97, 95, 0.191498
97, 96, 0.392307
97, 97, -1
97, 98, -1
97, 99, 0.503802
97, 100, 0.740233
97, 101, 0.878555
97, 102, 0.767042
97, 103, 0.664445
97, 104, 0.58415
97, 105, 0.459239
97, 106, -1
97, 107, 0.320898
97, 108, 0.369976
97, 109, -1
97, 110, 0.280748
97, 111, -1
97, 112, 0.606469
97, 113, 0.285253
97, 114, -1
97, 115, 0.709077
97, 116, 0.419103
97, 117, 0.204907
97, 118, -1
97, 119, -1
97, 120, 0.753696
97, 121, -1
97, 122, 0.651097
97, 123, -1
97, 124, 0.396766
97, 125, -1
97, 126, 0.450347
97, 127, -1
97, 128, -1
97, 129, 0.69126
97, 130, 0.557386
97, 131, 0.0621376
97, 132, 0.249541
97, 133, -1
97, 134, -1
97, 135, -1
97, 136, 0.298666
97, 137, 0.967852
97, 138, 0.637703
97, 139, 0.642166
97, 140, 0.945556
97, 141, 0.539599
97, 142, 0.0353741
97, 143, 0.914297
97, 144, 0.561871
97, 145, 0.615449
97, 146, -0.0315571
97, 147, -1
97, 148, -0.080642
97, 149, 0.544073
97, 150, -1
97, 151, 0.695763
97, 152, 0.539617
97, 153, 0.579772
97, 154, -1
97, 155, -1
97, 156, -1
97, 157, 0.780539
97, 158, 0.530663
97, 159, 0.93222
97, 160, 0.615435
97, 161, 0.887614
97, 162, -1
97, 163, 0.70917
97, 164, 0.633328
97, 165, 0.521791
97, 166, 0.200538
97, 167, 0.271932
97, 168, -0.102941
97, 169, -1
97, 170, -1
97, 171, -1
97, 172, -1
97, 173, -1
97, 174, 0.057713
97, 175, 0.182658
97, 176, -1
97, 177, 0.816271
97, 178, 0.325449
97, 179, 0.312064
97, 180, -1
97, 181, 0.686898
97, 182, -1
97, 183, -1
97, 184, -1
97, 185, -1
97, 186, -1
97, 187, -1
97, 188, 0.383509
97, 189, 0.294228
97, 190, -1
97, 191, -1
97, 192, -1
97, 193, -1
97, 194, 0.312123
97, 195, -1
97, 196, 0.691388
97, 197, 0.883236
97, 198, 0.811855
97, 199, -1
97, 200, -1
97, 201, 0.0621991
97, 202, -1
97, 203, -1
97, 204, 0.521853
97, 205, -1
97, 206, -1
97, 207, 0.43708
97, 208, -1
97, 209, 0.294293
97, 210, -1
97, 211, -1
97, 212, -1
97, 213, -1
97, 214, -1
97, 215, 0.396892
97, 216, -1
97, 217, -1
97, 218, 0.749433
97, 219, -1
97, 220, 0.584307
97, 221, 0.575385
97, 222, -1
97, 223, 0.744982
97, 224, 0.981453
97, 225, -1
97, 226, 0.0309821
97, 227, -0.317126
97, 228, -0.0314949
97, 229, -1
97, 230, -1
97, 231, -1
97, 232, 0.392453
97, 233, -1
97, 234, -1
97, 235, -1
97, 236, 0.218422
97, 237, -1
97, 238, -1
97, 239, 0.843176
97, 240, 0.691472
97, 241, 0.651315
97, 242, 0.0711606
97, 243, 0.932422
97, 244, -1
97, 245, -0.156445
97, 246, -1
97, 247, -1
97, 248, 0.0756287
97, 249, -1
97, 250, -1
97, 251, 0.191703
97, 252, -1
97, 253, -1
97, 254, -1
97, 255, 0.811937
97, 256, -1
97, 257, -1
97, 258, -1
97, 259, -1
97, 260, -1
97, 261, -1
97, 262, 0.928005
97, 263, 0.914622
97, 264, 0.356836
97, 265, -1
97, 266, 0.285436
97, 267, -1
97, 268, 0.410352
97, 269, 0.0980024
97, 270, -1
97, 271, -1
97, 272, 0.31222
97, 273, 0.521963
97, 274, -1
97, 275, 0.63795
97, 276, 0.0935056
97, 277, 0.30326
97, 278, 0.606718
97, 279, 0.829838
97, 280, -1
97, 281, 0.00871289
97, 282, -0.0269909
97, 283, 0.602305
97, 284, -0.183201
97, 285, 0.55322
97, 286, 0.41484
97, 287, -1
97, 288, 0.285463
97, 289, -1
97, 290, 0.236374
97, 291, 0.776356
97, 292, 0.575545
97, 293, -1
97, 294, 0.606787
97, 295, -1
97, 296, 0.682613
97, 297, 0.156007
97, 298, -1
97, 299, -1
97, 300, -1
97, 301, 0.432712
97, 302, 0.330068
97, 303, 0.62015
97, 304, -0.0403638
97, 305, -1
97, 306, -1
97, 307, -0.0358983
97, 308, -1
97, 309, -0.120699
97, 310, -1
97, 311, -0.013579
97, 312, 0.522025
97, 313, -1
97, 314, -1
97, 315, -1
97, 316, 0.69608
97, 317, 0.861199
97, 318, 0.0623017
97, 319, -1
97, 320, -1
97, 321, -1
97, 322, -1
97, 323, 0.499688
97, 324, -1
97, 325, -1
97, 326, 0.178393
97, 327, 0.106983
97, 328, 0.209637
97, 329, 0.624699
97, 330, 0.544369
97, 331, 0.392588
97, 332, -1
97, 333, 0.27659
97, 334, -1
97, 335, -0.120682
97, 336, -1
97, 337, 0.138195
97, 338, 0.0310758
97, 339, 0.968355
97, 340, 0.879102
97, 341, 0.339044
97, 342, 0.923735
97, 343, -1
97, 344, -1
97, 345, -1
97, 346, 0.343514
97, 347, 0.249827
97, 348, -0.0358675
97, 349, 0.571178
97, 350, -1
97, 351, -1
97, 352, 0.365878
97, 353, 0.714003
97, 354, 0.754172
97, 355, 0.789878
97, 356, -1
97, 357, 0.321211
97, 358, 0.0578733
97, 359, -1
97, 360, -1
97, 361, -1
97, 362, 0.923742
97, 363, -1
97, 364, -1
97, 365, 0.709563
97, 366, -1
97, 367, -1
97, 368, -1
97, 369, 0.169511
97, 370, -1
97, 371, 0.459593
97, 372, 0.365904
97, 373, -1
97, 374, 0.580147
97, 375, -1
97, 376, -1
97, 377, -1
97, 378, -1
97, 379, -1
97, 380, -1
97, 381, -1
97, 382, 0.81225
97, 383, 0.459611
97, 384, 0.611407
97, 385, 0.548882
97, 386, 0.115925
97, 387, -1
97, 388, -1
97, 389, 0.562319
97, 390, 0.624808
97, 391, 0.321294
97, 392, 0.651592
97, 393, -1
97, 394, -1
97, 395, 0.897081
97, 396, 0.69177
97, 397, -1
97, 398, 0.102545
97, 399, 0.968504
98, 0, 0.851564
98, 1, 0.998727
98, 2, -1
98, 3, 0.329688
98, 4, 0.820355
98, 5, -1
98, 6, 0.543798
98, 7, 0.735625
98, 8, 0.726707
98, 9, 0.0352612
98, 10, -1
98, 11, 0.633012
98, 12, -1
98, 13, 0.789116
98, 14, -1
98, 15, -1
98, 16, 0.967549
98, 17, 0.151264
98, 18, 0.936337
98, 19, 0.93634
98, 20, -1
98, 21, 0.967562
98, 22, 0.793635
98, 23, 0.905132
98, 24, -1
98, 25, 0.71332
98, 26, -1
98, 27, 0.717825
98, 28, 0.191426
98, 29, 0.423399
98, 30, -1
98, 31, -1
98, 32, -1
98, 33, -0.3306
98, 34, 0.253889
98, 35, 0.90962
98, 36, -0.19227
98, 37, -1
98, 38, -0.303824
98, 39, -1
98, 40, -0.263662
98, 41, 0.209285
98, 42, 0.677671
98, 43, 0.0263666
98, 44, 0.700017
98, 45, 0.659835
98, 46, -1
98, 47, 0.856129
98, 48, -1
98, 49, -1
98, 50, -1
98, 51, 0.735713
98, 52, 0.700032
98, 53, 0.722336
98, 54, 0.798122
98, 55, 0.73122
98, 56, 0.0576093
98, 57, 0.807049
98, 58, -1
98, 59, 0.882916
98, 60, 0.967659
98, 61, 0.173615
98, 62, 0.81156
98, 63, -1
98, 64, 0.865087
98, 65, -1
98, 66, 0.615308
98, 67, 0.463642
98, 68, -1
98, 69, -1
98, 70, 0.668843
98, 71, -0.321658
98, 72, -1
98, 73, -1
98, 74, 0.476995
98, 75, -1
98, 76, 0.798209
98, 77, 0.874037
98, 78, 0.940943
98, 79, 0.570683
98, 80, 0.874044
98, 81, -1
98, 82, -0.0673025
98, 83, 0.463626
98, 84, -1
98, 85, 0.548428
98, 86, -1
98, 87, -1
98, 88, -1
98, 89, -1
98, 90, 0.472599
98, 91, -1
98, 92, 0.325339
98, 93, -0.031598
98, 94, -1
98, 95, -1
98, 96, 0.744724
98, 97, 0.945449
98, 98, -1
98, 99, 0.606404
98, 100, 0.615328
98, 101, 0.811644
98, 102, 0.905317
98, 103, 0.633217
98, 104, -1
98, 105, -1
98, 106, 0.450316
98, 107, 0.869645
98, 108, -1
98, 109, -1
98, 110, -0.134217
98, 111, 0.34325
98, 112, -1
98, 113, 0.236133
98, 114, -1
98, 115, -1
98, 116, 0.191519
98, 117, -1
98, 118, -1
98, 119, 0.044278
98, 120, -1
98, 121, 0.691243
98, 122, 0.535105
98, 123, -1
98, 124, -1
98, 125, 0.642179
98, 126, -1
98, 127, -0.321634
98, 128, -1
98, 129, -1
98, 130, -1
98, 131, -1
98, 132, 0.423586
98, 133, 0.544046
98, 134, 0.436973
98, 135, 0.54851
98, 136, 0.57528
98, 137, -0.174362
98, 138, 0.258471
98, 139, 0.816187
98, 140, 0.874181
98, 141, 0.718048
98, 142, -1
98, 143, -1
98, 144, -0.040484
98, 145, 0.200474
98, 146, -1
98, 147, 0.552991
98, 148, 0.499455
98, 149, -1
98, 150, -1
98, 151, -1
98, 152, 0.445922
98, 153, 0.276376
98, 154, 0.437002
98, 155, 0.316535
98, 156, -0.232365
98, 157, 0.584238
98, 158, -1
98, 159, 0.820691
98, 160, 0.682354
98, 161, -1
98, 162, 0.700244
98, 163, 0.0889385
98, 164, 0.548558
98, 165, -1
98, 166, -1
98, 167, -1
98, 168, 0.65118
98, 169, -1
98, 170, -1
98, 171, 0.642222
98, 172, -1
98, 173, -1
98, 174, -1
98, 175, 0.441454
98, 176, 0.258515
98, 177, -1
98, 178, -1
98, 179, -1
98, 180, -1
98, 181, -1
98, 182, -1
98, 183, 0.771668
98, 184, -1
98, 185, 0.450432
98, 186, -0.0493778
98, 187, -1
98, 188, -1
98, 189, 0.0934247
98, 190, -1
98, 191, 0.709223
98, 192, 0.0621903
98, 193, 0.276383
98, 194, -1
98, 195, -1
98, 196, 0.59769
98, 197, -1
98, 198, 0.914466
98, 199, 0.115746
98, 200, 0.280854
98, 201, 0.93678
98, 202, 0.798477
98, 203, -1
98, 204, -1
98, 205, -1
98, 206, 0.55751
98, 207, -1
98, 208, -1
98, 209, 0.704796
98, 210, -1
98, 211, -0.120764
98, 212, 0.463818
98, 213, 0.24517
98, 214, -1
98, 215, -0.0538192
98, 216, -1
98, 217, -0.0895201
98, 218, 0.794049
98, 219, -1
98, 220, 0.999287
98, 221, 0.936828
98, 222, 0.731592
98, 223, -1
98, 224, -1
98, 225, 0.856528
98, 226, 0.646784
98, 227, 0.695907
98, 228, -1
98, 229, -1
98, 230, 0.0399101
98, 231, -1
98, 232, -0.241251
98, 233, -1
98, 234, -1
98, 235, -1
98, 236, -1
98, 237, 0.718236
98, 238, 0.0131401
98, 239, -1
98, 240, -1
98, 241, 0.789636
98, 242, -1
98, 243, 0.731634
98, 244, -1
98, 245, -0.299265
98, 246, -1
98, 247, -1
98, 248, 0.231822
98, 249, 0.695949
98, 250, -1
98, 251, -1
98, 252, -1
98, 253, -1
98, 254, -1
98, 255, -1
98, 256, -1
98, 257, 0.539745
98, 258, -0.294796
98, 259, 0.816446
98, 260, -1
98, 261, 0.227374
98, 262, 0.637925
98, 263, 0.843227
98, 264, -1
98, 265, 0.691518
98, 266, 0.740604
98, 267, -1
98, 268, 0.28986
98, 269, -1
98, 270, -1
98, 271, 0.0890371
98, 272, -1
98, 273, 0.535309
98, 274, 0.15152
98, 275, -1
98, 276, 0.459451
98, 277, -1
98, 278, -1
98, 279, -1
98, 280, -1
98, 281, -0.223372
98, 282, -1
98, 283, -1
98, 284, -1
98, 285, -1
98, 286, 0.655858
98, 287, 0.771883
98, 288, 0.227404
98, 289, 0.660326
98, 290, -0.018019
98, 291, -0.18762
98, 292, 0.740656
98, 293, -1
98, 294, 0.222948
98, 295, 0.557698
98, 296, 0.481834
98, 297, 0.562124
98, 298, -1
98, 299, -1
98, 300, 0.820957
98, 301, -1
98, 302, 0.999496
98, 303, 0.968263
98, 304, 0.771878
98, 305, -1
98, 306, -1
98, 307, -1
98, 308, -1
98, 309, 0.236394
98, 310, 0.347969
98, 311, -1
98, 312, -1
98, 313, 0.584504
98, 314, 0.370249
98, 315, 0.615747
98, 316, 0.798719
98, 317, -0.317086
98, 318, 0.629141
98, 319, -1
98, 320, 0.937067
98, 321, 0.856703
98, 322, 0.865671
98, 323, -1
98, 324, 0.664813
98, 325, 0.669278
98, 326, -1
98, 327, 0.0399923
98, 328, 0.718415
98, 329, -1
98, 330, 0.00875167
98, 331, -1
98, 332, 0.00428995
98, 333, -1
98, 334, -1
98, 335, -1
98, 336, -1
98, 337, 0.999586
98, 338, -1
98, 339, -1
98, 340, 0.240851
98, 341, -1
98, 342, 0.486327
98, 343, 0.754107
98, 344, 0.397068
98, 345, -1
98, 346, 0.102496
98, 347, 0.0444727
98, 348, -1
98, 349, -1
98, 350, -1
98, 351, 0.713997
98, 352, 0.450637
98, 353, -1
98, 354, -1
98, 355, -1
98, 356, 0.142676
98, 357, -1
98, 358, 0.169458
98, 359, -1
98, 360, -1
98, 361, -1
98, 362, 0.169462
98, 363, 0.955023
98, 364, -1
98, 365, -0.142981
98, 366, 0.566742
98, 367, -0.0269268
98, 368, -1
98, 369, 0.214104
98, 370, 0.245349
98, 371, -0.0626325
98, 372, 0.758669
98, 373, -1
98, 374, -1
98, 375, -1
98, 376, -0.151902
98, 377, -1
98, 378, -1
98, 379, 0.115917
98, 380, -1
98, 381, 0.0311109
98, 382, -1
98, 383, 0.49978
98, 384, 0.450684
98, 385, 0.5757
98, 386, 0.473004
98, 387, -1
98, 388, 0.673899
98, 389, 0.276655
98, 390, -1
98, 391, -1
98, 392, 0.673907
98, 393, -1
98, 394, 0.946173
98, 395, -1
98, 396, 0.133788
98, 397, 0.25877
98, 398, -1
98, 399, -0.254555
99, 0, -1
99, 1, 0.784669
99, 2, 0.873864
99, 3, 0.677596
99, 4, 0.543793
99, 5, 0.106638
99, 6, 0.655301
99, 7, 0.882794
99, 8, 0.173559
99, 9, 0.539341
99, 10, -1
99, 11, 0.334158
99, 12, -1
99, 13, -1
99, 14, -1
99, 15, 0.601795
99, 16, 0.633019
99, 17, 0.21818
99, 18, -1
99, 19, 0.619643
99, 20, -1
99, 21, -1
99, 22, 0.717773
99, 23, 0.936347
99, 24, 0.936349
99, 25, -1
99, 26, 0.71332
99, 27, -1
99, 28, 0.0441995
99, 29, 0.820407
99, 30, 0.13343
99, 31, -1
99, 32, -1
99, 33, 0.753515
99, 34, 0.218199
99, 35, -1
99, 36, 0.0352831
99, 37, 0.735683
99, 38, 0.597375
99, 39, 0.940845
99, 40, 0.191438
99, 41, 0.967609
99, 42, -1
99, 43, 0.200364
99, 44, -0.00486532
99, 45, -1
99, 46, 0.851664
99, 47, -1
99, 48, 0.0888326
99, 49, 0.552828
99, 50, -0.169952
99, 51, -1
99, 52, 0.628663
99, 53, 0.481463
99, 54, 0.155761
99, 55, -1
99, 56, 0.575143
99, 57, -1
99, 58, -0.0985541
99, 59, 0.851693
99, 60, 0.682164
99, 61, 0.878458
99, 62, 0.735733
99, 63, 0.628683
99, 64, 0.624224
99, 65, -1
99, 66, -0.0360811
99, 67, 0.56178
99, 68, -1
99, 69, 0.624233
99, 70, 0.0353118
99, 71, -1
99, 72, -1
99, 73, 0.338738
99, 74, 0.320895
99, 75, 0.133514
99, 76, 0.0397786
99, 77, -1
99, 78, 0.753566
99, 79, -1
99, 80, 0.878502
99, 81, 0.856203
99, 82, 0.481467
99, 83, -1
99, 84, 0.097789
99, 85, 0.56627
99, 86, 0.227179
99, 87, 0.280758
99, 88, -0.125307
99, 89, -1
99, 90, 0.499364
99, 91, -1
99, 92, 0.267339
99, 93, -0.254711
99, 94, 0.187033
99, 95, -1
99, 96, -0.138688
99, 97, -1
99, 98, -1
99, 99, -1
99, 100, 0.615366
99, 101, 0.512724
99, 102, 0.387811
99, 103, -1
99, 104, -1
99, 105, -1
99, 106, -1
99, 107, 0.124582
99, 108, -1
99, 109, -1
99, 110, -0.259165
99, 111, 0.218323
99, 112, 0.0710835
99, 113, -0.0136947
99, 114, -1
99, 115, 0.262945
99, 116, 0.12459
99, 117, 0.0710476
99, 118, 0.798296
99, 119, 0.691237
99, 120, 0.0532021
99, 121, 0.298605
99, 122, 0.749235
99, 123, 0.526183
99, 124, 0.285224
99, 125, -1
99, 126, -1
99, 127, 0.213879
99, 128, -1
99, 129, 0.173724
99, 130, -1
99, 131, 0.053252
99, 132, -1
99, 133, -0.134203
99, 134, 0.245079
99, 135, -1
99, 136, 0.262929
99, 137, -1
99, 138, 0.771573
99, 139, 0.668929
99, 140, 0.544056
99, 141, 0.905407
99, 142, -1
99, 143, 0.124616
99, 144, 0.60202
99, 145, -1
99, 146, -1
99, 147, 0.218363
99, 148, 0.508336
99, 149, 0.561916
99, 150, 0.486072
99, 151, -0.0270521
99, 152, 0.0711191
99, 153, -1
99, 154, -0.0940266
99, 155, -1
99, 156, -1
99, 157, -1
99, 158, -1
99, 159, -1
99, 160, -1
99, 161, -1
99, 162, 0.709165
99, 163, -1
99, 164, 0.829622
99, 165, -0.299303
99, 166, -1
99, 167, -1
99, 168, -1
99, 169, 0.477178
99, 170, -0.241284
99, 171, -0.178765
99, 172, 0.486106
99, 173, -0.0270756
99, 174, -1
99, 175, -0.187728
99, 176, 0.677962
99, 177, -1
99, 178, 0.936722
99, 179, -1
99, 180, 0.87427
99, 181, -1
99, 182, -1
99, 183, -1
99, 184, 0.374536
99, 185, -0.223425
99, 186, 0.356691
99, 187, 0.325498
99, 188, 0.539672
99, 189, 0.370081
99, 190, -1
99, 191, -0.0627628
99, 192, -0.000285718
99, 193, 0.138092
99, 194, 0.303196
99, 195, -1
99, 196, -0.218956
99, 197, -1
99, 198, -0.285899
99, 199, -1
99, 200, -1
99, 201, 0.437028
99, 202, -1
99, 203, 0.28978
99, 204, -1
99, 205, -1
99, 206, 0.535239
99, 207, 0.838639
99, 208, -1
99, 209, 0.205003
99, 210, -0.12965
99, 211, -0.102873
99, 212, -1
99, 213, 0.419237
99, 214, -1
99, 215, -0.0850594
99, 216, 0.785119
99, 217, 0.29426
99, 218, -1
99, 219, 0.918934
99, 220, -1
99, 221, -1
99, 222, -1
99, 223, 0.606659
99, 224, 0.588813
99, 225, 0.655744
99, 226, -1
99, 227, -1
99, 228, -1
99, 229, -1
99, 230, -1
99, 231, 0.758379
99, 232, -0.201084
99, 233, -1
99, 234, -1
99, 235, 0.446042
99, 236, 0.0220633
99, 237, 0.762854
99, 238, -1
99, 239, 0.70035
99, 240, 0.196112
99, 241, -1
99, 242, -1
99, 243, -1
99, 244, 0.660241
99, 245, -1
99, 246, 0.11579
99, 247, -1
99, 248, 0.214011
99, 249, -0.0359435
99, 250, -0.00466208
99, 251, -1
99, 252, -1
99, 253, 0.267568
99, 254, -1
99, 255, -1
99, 256, 0.53532
99, 257, 0.798591
99, 258, -1
99, 259, 0.691464
99, 260, 0.82537
99, 261, -1
99, 262, -1
99, 263, -1
99, 264, 0.303242
99, 265, -1
99, 266, 0.624583
99, 267, 0.5398
99, 268, 0.633512
99, 269, -1
99, 270, -1
99, 271, -1
99, 272, -1
99, 273, -1
99, 274, -1
99, 275, 0.106892
99, 276, -1
99, 277, 0.65584
99, 278, -0.232301
99, 279, 0.771824
99, 280, -1
99, 281, -0.0269932
99, 282, -1
99, 283, 0.548711
99, 284, -1
99, 285, 0.615692
99, 286, 0.490702
99, 287, 0.370212
99, 288, 0.276494
99, 289, 0.222982
99, 290, -0.0358723
99, 291, -1
99, 292, 0.530916
99, 293, -1
99, 294, -1
99, 295, -1
99, 296, -1
99, 297, -1
99, 298, -1
99, 299, 0.762981
99, 300, 0.46845
99, 301, -1
99, 302, -1
99, 303, 0.66031
99, 304, 0.276513
99, 305, -1
99, 306, 0.704982
99, 307, -0.116239
99, 308, -1
99, 309, -1
99, 310, 0.0757227
99, 311, 0.263173
99, 312, -0.22782
99, 313, 0.0310532
99, 314, 0.129244
99, 315, -1
99, 316, -1
99, 317, 0.87012
99, 318, 0.843347
99, 319, 0.446124
99, 320, -1
99, 321, 0.950455
99, 322, -1
99, 323, -1
99, 324, 0.254222
99, 325, -1
99, 326, -1
99, 327, -1
99, 328, 0.446178
99, 329, -1
99, 330, -1
99, 331, 0.481886
99, 332, -0.0135642
99, 333, -1
99, 334, -1
99, 335, 0.53987
99, 336, 0.0890956
99, 337, 0.544377
99, 338, -1
99, 339, -1
99, 340, -1
99, 341, -0.0403377
99, 342, -1
99, 343, 0.151588
99, 344, 0.513147
99, 345, -1
99, 346, 0.441741
99, 347, 0.472984
99, 348, 0.620266
99, 349, -1
99, 350, -0.031404
99, 351, -1
99, 352, 0.834496
99, 353, -1
99, 354, 0.981775
99, 355, -1
99, 356, -1
99, 357, -1
99, 358, 0.651485
99, 359, -1
99, 360, 0.187313
99, 361, 0.691659
99, 362, 0.660419
99, 363, 0.669387
99, 364, 0.562233
99, 365, 0.0177465
99, 366, -1
99, 367, -1
99, 368, -1
99, 369, -1
99, 370, 0.383752
99, 371, -1
99, 372, -1
99, 373, 0.472983
99, 374, 0.794336
99, 375, -1
99, 376, 0.9372
99, 377, -1
99, 378, 0.968447
99, 379, -0.281349
99, 380, 0.240896
99, 381, -1
99, 382, -1
99, 383, -1
99, 384, 0.263218
99, 385, -1
99, 386, -1
99, 387, 0.392702
99, 388, -1
99, 389, 0.2588
99, 390, -0.209923
99, 391, -1
99, 392, -0.0894004
99, 393, -1
99, 394, 0.879221
99, 395, -1
99, 396, 0.620351
99, 397, 0.830132
99, 398, 0.999739
99, 399, 0.999742